-22.3265	-11.2793
-22.8034	-23.3221
-21.8842	-21.2818
-24.6479	-22.8747
-23.9487	-17.9796
-22.6051	-20.3658
-21.5382	-22.4603
-22.0518	-16.1809
-22.0414	-15.3008
-21.5958	-19.1949
-24.1799	-19.3182
-23.4985	-16.8506
-23.2895	-18.6115
-22.185	-19.5821
-20.9924	-13.614
-6.41229	-14.4106
-4.23718	-16.4999
-2.25201	-14.9156
-2.82287	-19.0495
-3.20866	-17.136
-4.06425	-15.6991
-4.00172	-15.2163
-5.11257	-13.1926
-4.71071	-15.0109
-4.89222	-13.8245
-4.82373	-13.4668
-5.77313	-13.9877
-5.86345	-14.2219
-6.73438	-13.3833
-6.86775	-14.9871
-6.42874	-16.1243
-7.42253	-15.0531
-7.43327	-15.7511
-8.31721	-13.6611
-8.24288	-13.8004
-7.98428	-15.0623
-13.0949	-15.616
-12.6298	-22.5363
-15.1448	-20.9181
-16.4781	-19.0147
-16.2182	-18.556
-15.2245	-20.79
-15.6696	-19.3394
-16.8662	-15.9694
-14.4819	-16.1453
-14.3746	-14.9341
-13.9893	-12.2708
-15.0685	-5.52973
-19.6762	-5.3373
-17.8733	-6.97789
-18.9076	-5.14734
-21.8652	1.03605
-23.2256	1.11386
-22.9585	1.95541
-21.5629	0.350726
-20.8824	-0.624229
-19.0741	-0.591763
-16.1194	-4.02501
-7.78124	-3.72983
-7.09146	-3.31732
-6.51088	-5.25849
-5.4494	-6.52832
-6.87067	-7.29154
-6.25712	-7.51992
-6.8209	-9.30664
-7.89946	-11.0656
-7.85718	-11.1097
-10.2778	-12.7682
-12.0942	-19.4239
-11.5578	-21.159
-12.2408	-20.3061
-12.8065	-18.9779
-12.8781	-18.6542
-14.063	-15.5268
-14.7499	-11.6239
-13.4081	-5.78074
-12.4206	0.347573
-13.8172	4.60423
-13.4766	6.70376
-15.115	3.46072
-14.4178	3.75315
-14.7311	1.28106
-11.6805	-2.05796
-11.3821	-5.02489
-12.2927	-5.96882
-13.6393	-7.94702
-13.9	-11.2359
-13.2296	-13.0692
-11.0299	-13.223
-4.96156	-13.652
-4.1118	-8.57968
-2.68546	-9.99547
-2.06053	-9.9094
-1.07278	-7.85414
-7.69661	-2.96607
-10.3188	-2.68938
-13.1117	-2.30928
-26.3937	1.06221
-23.1964	-7.63873
-25.4693	-8.36284
-25.2513	-3.2251
-18.216	-5.25435
-22.7688	-14.353
-19.297	-15.1173
-17.5337	-9.911
-5.29343	-13.3253
-3.9432	-15.2773
-6.41447	-14.9126
-20.2045	-4.99117
-15.9608	-12.7365
-10.077	-17.981
-7.81014	-18.2327
-5.2155	-15.2824
-2.97253	-12.7147
-3.44172	-8.49628
-6.65348	-1.65846
-10.5044	-2.94507
-18.9617	-11.17
-24.0312	-9.74787
-25.1419	-9.12192
-27.3352	-7.56577
-31.0893	-2.81984
-34.1878	-6.61874
-36.6942	-0.727568
-36.2345	-6.34809
-33.6187	-9.35383
-33.8385	-3.05785
-27.5044	-7.52575
-25.8246	-3.62936
-23.7671	-13.6787
-23.1862	-16.2568
-27.3083	-17.2475
-23.5888	-19.4024
-22.2197	-14.9593
-19.8348	-11.8776
-19.9732	-11.319
-17.0859	-5.06644
-13.7597	-13.4637
-13.8774	-11.7514
-15.5266	-15.1257
-10.6136	-6.4605
-6.81378	-5.89726
-23.8857	-6.79374
-18.5754	-11.2772
-15.3444	-16.0715
-15.1328	-15.6898
-15.0958	-16.9194
-14.9936	-17.1547
-14.4956	-18.4658
-14.8311	-18.2169
-15.3947	-16.6463
-15.0856	-18.7086
-12.7897	-23.4322
-12.6375	-26.4578
-11.801	-29.7934
-9.62026	-30.6467
-7.53741	-31.9382
-8.99849	-31.6233
-6.63091	-31.2602
-4.41506	-29.5316
-4.26963	-15.9472
-4.6756	-12.6707
-7.31095	-11.8893
-5.42501	-11.3169
-8.06104	-14.2135
-9.23	-15.1933
-10.3714	-10.5409
-16.2141	-12.511
-24.2921	-7.84949
-15.854	-9.76581
-15.401	-12.3425
-15.3656	-13.9265
-13.6908	-6.10994
-15.8198	-9.43474
-7.28419	-5.43654
-4.93042	-10.0553
-8.83806	-17.6359
-10.6199	-21.6035
-7.3551	-24.8515
-11.0266	-20.1513
-6.17547	-23.0564
-9.6957	-37.5813
-16.513	-34.0314
-17.1893	-28.7413
-13.1345	-22.1627
-4.52688	-23.6008
-7.54075	-22.8705
-6.39259	-23.4708
-9.67216	-20.7732
-10.0649	-18.203
-11.0394	-17.5232
-13.9568	-15.6003
-15.0557	-18.5235
-16.0142	-16.1371
-18.1925	-20.2834
-21.9032	-20.8778
-22.9855	-20.4
-25.3448	-20.0765
-25.7093	-19.6191
-21.4494	-17.1824
-24.1155	-19.83
-23.9132	-19.1413
-23.1479	-17.141
-22.8468	-19.6021
-25.2309	-19.7316
-18.4206	-13.7175
-27.3173	-7.98088
-28.5161	-13.4311
-22.9845	-22.2609
-24.8422	-21.8721
-21.6056	-18.2299
-19.2145	-13.8452
-19.8008	-12.2151
-22.0479	-15.8976
-25.5171	-17.5285
-25.9026	-14.2956
-25.0285	-19.6897
-27.5323	-20.1338
-21.6463	-5.56248
-12.5867	-16.8659
-13.0951	-16.7347
-10.6305	-12.1076
-15.0488	-11.01
-13.3036	-17.5972
-11.8801	-21.7382
-13.5858	-20.9041
-13.7728	-22.2963
-15.2826	-21.9298
-14.4333	-22.6629
-14.6495	-20.0347
-14.4141	-18.4807
-13.2079	-17.1641
-13.9441	-14.2409
-13.5943	-10.275
-12.6776	-7.29371
-12.6822	-5.28885
-12.2718	-4.39361
-12.5531	-3.57702
-12.6712	-3.33857
-14.7598	-1.87853
-17.4749	1.05245
-18.6411	-0.599818
-20.1103	-2.80464
-21.248	-6.44308
-22.0005	-10.6788
-21.0013	-15.0313
-18.7604	-18.0679
-15.1052	-18.7227
-11.6015	-17.9326
-10.5393	-17.4062
-9.9955	-15.7693
-10.1311	-17.5451
-7.54801	-23.6389
-6.05267	-26.9396
-9.31026	-17.9888
-16.2406	-21.8006
-10.9658	-24.721
-8.98068	-27.2679
-11.3198	-21.5143
-12.1323	-25.4898
-13.5133	-27.455
-16.4183	-25.8978
-17.538	-23.9396
-19.2497	-24.477
-21.1197	-23.3677
-20.875	-24.0727
-21.7108	-23.5512
-21.5049	-24.0719
-21.1324	-26.0551
-20.9238	-26.9266
-19.5214	-28.3942
-18.6505	-30.0733
-17.2225	-30.5264
-16.0453	-27.6984
-14.6883	-23.719
-14.898	-22.353
-15.36	-20.7348
-14.2282	-20.6191
-13.1983	-15.0877
-12.4551	-14.956
-12.2741	-14.5063
-11.5073	-15.2841
-12.5404	-16.3567
-13.0876	-15.635
-12.2197	-23.1905
-16.4555	-21.166
-16.5087	-20.0473
-15.5509	-19.7925
-13.7083	-19.9173
-12.2049	-14.6695
-8.60909	-14.7314
-8.0608	-14.5015
-7.2845	-12.9946
-5.76545	-11.1194
-4.33247	-11.2201
-7.34732	-12.1369
-6.07798	-11.318
-9.20523	-8.47463
-14.9775	-11.5772
-16.0694	-13.5898
-17.7558	-13.559
-23.2539	-18.6218
-27.52	-22.3303
-21.4156	-5.64216
-14.1873	-25.0015
-16.6161	-25.102
-8.63331	-27.8709
-10.7718	-33.545
-0.72286	-21.8903
-6.31392	-14.0153
-8.86234	-11.5245
-7.16444	-11.0933
-10.7652	-8.39864
-24.7995	-21.2978
-16.1216	-14.5581
-10.9883	-11.8755
-7.54095	-20.783
-13.6592	-18.701
-13.5908	-18.2619
-12.6235	-17.3358
-10.3037	-17.2417
-8.94188	-14.5615
-7.50909	-9.20149
-9.17743	-3.63558
-11.2517	-10.2456
-24.4131	-20.2059
-24.6551	-19.6572
-19.3916	-17.568
-16.7704	-16.8583
-9.51919	-21.3853
-8.83119	-20.5575
-9.39143	-21.4451
-7.2601	-11.2885
-8.1745	-4.62491
-14.3019	2.52422
-25.5977	2.08711
-28.9316	-1.46036
-33.7097	-4.18924
-37.1693	-4.29372
-35.2068	-1.46798
-37.8734	-6.87076
-35.8373	-6.31381
-34.769	-8.52335
-27.799	-3.47445
-11.122	-8.68303
-11.6856	-5.35003
-16.1524	-9.89133
-11.5835	-13.1444
-14.5842	-10.6765
-7.70298	-5.18594
-12.7038	2.66317
-21.0088	2.34442
-28.783	-7.4234
-27.3185	-11.5626
-26.2317	-15.3688
-25.4141	-16.034
-23.9719	-14.2599
-23.6908	-13.2144
-25.1795	-14.0759
-16.4875	-11.8025
-23.164	-14.1959
-19.6458	-13.9467
-8.52279	-23.4958
-6.85169	-29.5212
-3.9827	-27.8032
-6.95434	-25.1539
-10.4671	-15.8986
-8.61247	-14.2165
-7.27621	-14.2111
-7.66327	-12.6138
-8.33334	-7.36399
-8.66378	-1.71057
-10.3025	-0.0858057
-12.1031	0.29213
-8.09103	-9.60528
-4.17053	-9.66298
-2.7851	-12.0786
-3.49758	-9.18177
-4.33485	-6.97318
-3.99223	-7.39464
-4.01559	-6.86166
-3.52779	-3.65955
-7.47934	-5.34637
-9.5876	-8.33927
-12.9076	-10.1131
-22.2652	-26.0987
-22.4185	-23.6537
-25.3801	-25.6833
-17.5682	-21.613
-4.25774	-12.6495
-5.42636	-19.6588
-6.12308	-20.3267
-6.53029	-23.7189
-6.06091	-24.3926
-6.83679	-20.0702
-10.5009	-12.6966
-8.31031	-14.0052
-7.80494	-10.015
-9.11535	-5.34517
-12.3577	-12.4952
-16.9049	-15.6286
-19.0627	-16.3498
-17.3347	-18.5735
-21.3815	-23.1486
-17.7789	-24.4799
-16.3496	-13.1971
-11.7116	-22.9902
-9.93608	-27.684
-11.2455	-30.055
-13.4315	-28.826
-13.8997	-29.9154
-14.8836	-28.2666
-14.3502	-29.0229
-13.7681	-28.8506
-11.6152	-28.1611
-9.6511	-25.7718
-9.21279	-13.5831
-8.12543	-13.3486
-6.61883	-12.2326
-4.80489	-12.7794
-4.37305	-11.1587
-3.47408	-13.7671
-5.15559	-14.5423
-6.09068	-10.2176
-5.467	-3.62607
-8.8501	-11.1585
-13.7479	-11.2779
-13.1321	-8.6724
-11.244	-5.37476
-11.9854	-7.66115
-24.1307	-14.2308
-25.8162	-19.7612
-23.7573	-18.1859
-23.4651	-18.1033
-26.1435	-16.9855
-24.2338	-19.2168
-24.8352	-18.3313
-22.3445	-19.3679
-20.2748	-16.8938
-22.099	-18.5774
-23.52	-18.6756
-19.222	-7.49015
-17.4166	-13.2839
-15.2076	-10.9989
-13.0633	-8.08191
-11.5936	-6.69473
-11.1601	-3.49502
-14.1977	2.98358
-18.228	-0.665126
-20.5249	-4.25828
-26.1081	-3.30176
-29.0212	-12.3434
-31.9694	-12.8764
-31.1726	-10.4191
-30.1716	-12.4021
-28.7744	-10.1778
-27.3797	-10.1755
-26.1106	-10.8845
-28.7085	-16.8159
-28.2136	-14.3828
-25.3583	-18.0595
-13.7365	-15.7212
-8.2008	-27.0715
-11.105	-28.3546
-11.094	-29.218
-10.5604	-29.5853
-7.55532	-25.3407
-4.64532	-19.8043
-13.5961	-4.44886
-21.8256	-4.21124
-27.0036	-9.10372
-30.9372	-8.10516
-30.0744	-7.46177
-31.6406	-9.63832
-26.9618	-8.19089
-11.1287	-3.5818
-12.865	-10.6158
-13.84	-13.6451
-15.2492	-10.8934
-11.8068	-12.1292
-11.9284	-15.9073
-12.0006	-18.5043
-9.5947	-19.359
-9.39159	-17.9807
-7.92746	-15.4831
-7.04234	-15.471
-6.61627	-16.2349
-10.752	-23.9938
-10.7491	-29.007
-10.9569	-29.2246
-10.6191	-27.0977
-9.03781	-25.7492
-7.26072	-22.2137
-4.56848	-17.4238
-5.34581	-15.5343
-10.5879	-12.2199
-12.5332	-12.5165
-13.351	-19.742
-9.92073	-22.2758
-6.69309	-12.7499
-1.81427	-16.5564
-1.78278	-19.847
-2.98219	-18.9099
-3.27302	-17.2525
-2.96973	-16.237
-1.66461	-14.2378
0.129898	-14.7514
-1.53384	-8.50204
-5.36604	-11.5885
-17.2692	-6.51992
-25.6389	-14.9877
-29.8898	-16.3597
-32.3026	-19.5668
-32.334	-15.2586
-32.1272	-18.8736
-34.3485	-17.6613
-23.5668	-10.8919
-25.3053	-15.8614
-16.6322	-4.75259
-13.5034	-3.47403
-13.9188	-6.111
-14.5725	-8.06722
-14.9012	-7.05764
-12.7321	-8.36812
-9.63187	-10.6765
-6.84615	-12.4681
-3.69535	-13.1076
-1.94337	-14.5565
-2.48924	-12.6759
1.05592	-13.7943
-1.30915	-12.4768
-1.74435	-11.9659
-4.01987	-14.9348
-5.34083	-15.5852
-7.97073	-17.4539
-10.2214	-18.3145
-9.77107	-16.0098
-13.6467	-3.57007
-22.6672	-5.78026
-16.7882	-6.42034
-10.284	-16.6203
-11.9479	-25.1017
-11.473	-28.1531
-16.0316	-25.9967
-14.3131	-28.465
-16.3087	-25.8491
-16.2513	-23.2135
-16.8833	-19.2098
-16.4496	-14.2426
-17.1	-7.74303
-17.8658	-0.115237
-18.9329	3.99721
-19.1644	6.65357
-18.5253	7.9031
-15.3462	4.72066
-13.0624	3.26397
-12.2546	-0.132404
-10.4859	1.08899
-10.1981	0.429231
-8.81369	-1.83042
-9.59268	-3.44933
-9.41382	-3.37338
-10.1642	-3.87868
-10.992	-4.16423
-14.5743	-0.345268
-22.985	-1.46221
-31.3815	-11.9235
-33.5549	-7.6607
-32.4909	-7.39838
-36.7688	-11.6189
-36.3594	-12.0748
-36.6223	-12.119
-36.375	-8.46892
-32.668	-8.79657
-29.7834	-12.0336
-23.0765	-10.1935
-17.9889	-14.8752
-11.6391	-18.1256
-9.92163	-25.8901
-11.6916	-28.06
-14.7845	-27.6928
-13.5664	-26.8323
-14.263	-30.8311
-7.27113	-26.9525
-12.3204	-34.4513
-8.9301	-28.8651
-8.23874	-31.7706
-5.09206	-33.8149
-6.97914	-27.0328
-5.34565	-23.4541
-5.82655	-19.2144
-5.79827	-18.4269
-8.14551	-13.0115
-10.6139	-7.90396
-12.4207	-12.3063
-15.2729	-12.4375
-16.0567	-14.6288
-18.9949	-18.8495
-21.3838	-16.4069
-20.6097	-16.556
-21.12	-19.5881
-23.0353	-16.8924
-25.3115	-19.5591
-21.5991	-18.5136
-24.8797	-22.3586
-18.7802	-14.0356
-22.4495	-21.0148
-22.6386	-19.0642
-25.9107	-22.7023
-23.367	-22.6508
-23.5112	-20.0259
-22.6725	-17.3792
-21.9098	-19.936
-19.0504	-20.5201
-14.0417	-11.2891
-3.12629	-4.86422
-4.32986	-2.57574
-4.3057	-1.48557
-4.0233	-5.99354
-2.65074	-4.01031
-4.01146	-1.20174
-14.9589	-6.79106
-12.9015	-1.01254
-12.7687	4.99269
-12.3327	0.30393
-12.1458	-0.130214
-11.8203	2.90619
-10.4463	3.53059
-14.2192	3.73216
-18.8658	-2.90886
-22.7736	-3.86564
-26.0815	-6.42778
-29.667	-13.9951
-32.0652	-10.5411
-29.9015	-11.6612
-32.1717	-11.889
-31.4829	-11.1563
-33.0968	-15.2079
-30.0108	-14.3846
-18.3808	-7.63983
-13.6746	-11.3087
-11.3062	-16.7015
-12.4834	-17.2443
-12.7193	-19.4993
-13.8225	-19.66
-14.6087	-18.7442
-13.9236	-18.3788
-13.4459	-16.0963
-10.806	-14.3228
-6.15089	-14.7347
-6.54251	-15.6922
-5.51126	-15.1687
-5.12161	-15.2166
-4.76593	-14.4478
-5.30666	-12.6696
-4.30455	-13.0311
-4.79592	-12.1794
-2.72233	-10.3902
-3.49255	-10.2525
-8.75171	-0.566143
-17.42	5.99326
-8.0301	1.38597
-25.8862	-8.42424
-23.4085	1.08317
-18.7774	3.67336
-17.5964	-4.09335
-16.4877	-0.694094
-19.4285	-0.719976
-21.5433	1.19012
-20.9753	-8.80992
-13.0595	-12.516
-18.2448	-23.2972
-17.9103	-26.8637
-16.5208	-29.3782
-15.2691	-31.4432
-13.8774	-33.6516
-11.5696	-33.7511
-8.76015	-33.2357
-7.10257	-24.3454
-12.8873	-10.7314
-24.5678	-12.7839
-31.1072	-15.3769
-35.0602	-12.4815
-33.6254	-20.9316
-31.6459	-11.7795
-32.8025	-12.8621
-32.9203	-13.8612
-13.8299	-10.2197
-20.1807	-6.86303
-23.1434	-2.5136
-23.043	-0.560098
-21.2158	-0.238426
-15.5076	3.22259
-8.8165	-5.44247
-12.0059	-6.45613
-17.3202	-11.9669
-21.7964	-11.1346
-23.7942	-13.461
-23.9878	-20.0114
-21.1017	-14.8681
-15.2734	-23.0949
-12.4177	-27.7598
-11.6062	-30.8139
-10.8882	-32.3146
-9.46332	-27.5527
-6.7615	-22.7572
-8.73095	-18.9738
-9.91927	-16.713
-9.10036	-17.9159
-6.90407	-17.1819
-8.07956	-15.9202
-7.57822	-15.167
-7.39471	-15.0857
-5.78703	-16.0998
-5.11477	-14.8621
-2.47802	-16.4789
-5.13206	-13.6694
-4.53116	-14.7781
-4.8508	-13.3771
-5.367	-14.4423
-4.69926	-14.3544
-6.47377	-7.46333
-6.10519	-5.18121
-5.07865	-3.43562
-3.60969	-0.873348
-4.04399	-5.42161
-4.11048	-5.77948
-5.39321	-2.63579
-5.64767	-6.59522
-11.8835	-4.01763
-9.95454	-8.87502
-14.5132	-9.13316
-37.6351	-19.5145
-33.7935	-10.0362
-27.4864	-13.9763
-23.8802	-8.61708
-20.187	-6.09593
-11.5931	1.4276
-18.1538	-3.96224
-15.1545	-9.75011
-11.6627	-16.9965
-13.4061	-14.772
-14.9935	-13.5102
-15.3761	-9.82913
-13.3593	-1.32941
-12.8906	-6.83195
-14.9857	-10.2062
-17.9846	-14.2281
-20.0029	-14.2326
-18.9261	-15.8287
-21.1485	-19.3385
-19.7391	-18.1632
-19.1852	-14.9257
-27.9546	-21.5879
-23.1587	-17.9146
-20.526	-17.3593
-12.0876	-20.6979
-11.5058	-24.2626
-11.54	-27.296
-11.9143	-27.7772
-9.53154	-28.6571
-4.96844	-26.0951
-5.28012	-16.4358
-10.1062	-7.2479
-22.3843	-6.8618
-28.8898	-14.9412
-27.9731	-16.0211
-28.4497	-13.9463
-26.57	-14.253
-27.2226	-15.784
-24.127	-16.1365
-27.7995	-13.2733
-26.9153	-11.8853
-29.5272	-12.5345
-28.7464	-5.11432
-30.5133	-6.15124
-29.4358	-7.44919
-22.4825	-8.63297
-9.76711	-15.59
-11.126	-15.2048
-20.0176	-19.989
-14.7958	-9.99926
-4.37605	-19.3402
-2.73094	-22.0837
-1.14168	-20.6812
-0.642552	-17.6714
-2.18367	-14.8475
-0.251085	-15.1382
0.51506	-14.1213
-0.821673	-15.3721
-1.25187	-16.1662
-2.71454	-17.5847
-4.38257	-20.2267
-5.79134	-23.8826
-7.50241	-26.7636
-10.3908	-28.2614
-10.6071	-31.1137
-11.0995	-32.7585
-7.16218	-25.3316
-8.62501	-31.5983
-7.26723	-27.9267
-8.22799	-28.8678
-7.51412	-29.1178
-7.20505	-29.5655
-7.16235	-27.2517
-7.65773	-24.7139
-7.69948	-20.5859
-8.5697	-17.9067
-12.3491	-17.939
-17.3753	-21.5727
-20.0345	-21.1921
-16.5491	-16.4426
-17.3601	-19.0348
-21.2466	-19.8969
-18.5696	-20.9982
-22.7134	-19.1175
-26.5031	-18.036
-25.6427	-19.9408
-28.6628	-15.6031
-31.0338	-13.9373
-32.8921	-13.9209
-30.0284	-15.4109
-31.2568	-17.187
-29.4735	-16.6314
-29.7876	-15.3238
-34.3359	-15.9724
-32.3111	-12.1892
-29.1019	-14.9268
-25.5252	-11.4429
-27.2789	-10.0686
-27.4103	-13.4969
-27.8596	-12.0849
-23.8176	-11.8714
-22.7226	-20.2624
-23.5787	-21.3822
-25.9168	-21.325
-23.3933	-17.7675
-23.1755	-19.8577
-22.5274	-16.5525
-24.1328	-14.0635
-22.1952	-18.6452
-22.9679	-20.3945
-24.9674	-17.5807
-21.2167	-19.5295
-22.8652	-18.7737
-18.1401	-11.6824
-23.7202	-19.5645
-24.9135	-22.0058
-23.0914	-18.1552
-23.6578	-18.7905
-23.974	-21.4188
-22.2978	-15.3384
-23.1569	-20.4753
-23.5676	-22.1856
-26.054	-19.741
-22.9934	-20.4821
-16.954	-11.9956
-5.5169	-5.21668
-2.98191	-2.68436
-4.78163	-4.90042
-12.2145	-2.19614
-16.2295	-10.6265
-9.55659	-16.0984
-10.0499	-16.0337
-8.96774	-16.3549
-8.5461	-15.1645
-8.66463	-15.3546
-7.84976	-11.5755
-6.85439	-9.84911
-8.39069	-6.03174
-11.3757	-6.22122
-16.3234	-4.8068
-18.959	-9.41396
-23.0906	-5.04313
-22.6168	-8.13546
-23.8955	-8.65345
-23.2004	-7.91904
-25.2411	-9.1312
-20.4951	-8.99283
-11.5074	-9.68357
-7.0462	-15.6425
-6.16187	-19.4762
-7.39313	-22.6146
-8.98881	-25.7578
-9.93592	-27.1677
-10.5756	-29.3577
-9.14916	-30.9002
-9.46864	-27.5664
-6.53516	-28.1401
-6.29555	-22.608
-4.90097	-17.7502
-3.48637	-11.5726
-6.59393	-11.4712
-2.11719	-10.6735
-2.07199	-7.92101
-1.45083	-8.57056
-3.09782	-3.97734
-9.98823	4.09996
-16.8153	5.22265
-20.8294	6.75953
-17.1949	0.276663
-11.6001	-6.9292
-7.8037	-9.09285
-8.20045	-11.7363
-7.6024	-12.8145
-6.86991	-14.2313
-6.203	-14.9283
-7.06516	-13.9393
-5.8761	-13.9014
-6.40562	-10.3063
-7.40464	-6.80476
-13.3829	-5.47604
-23.964	-7.77242
-28.3353	-12.4866
-31.3917	-16.0256
-31.5892	-10.9571
-37.9412	-11.7553
-33.6739	-9.42206
-28.6853	-4.50689
-26.7639	-5.21401
-28.2684	-9.50385
-27.9514	-15.2745
-23.3521	-13.8788
-23.4956	-16.5145
-23.7769	-17.5956
-11.9606	-8.62183
-17.5739	-14.429
-11.7415	-20.5776
-15.2385	-13.3053
-17.7706	-12.5232
-16.7343	-14.4967
-14.4057	-18.7734
-14.4192	-18.1312
-15.1567	-15.9022
-14.8276	-14.5195
-13.8142	-11.5589
-12.072	-9.96404
-10.3714	-8.18972
-9.14509	-5.80651
-11.1017	-3.15848
-10.5412	-3.2442
-12.458	-1.52449
-13.0289	-1.32468
-13.0876	3.1414
-11.3079	-2.33846
-10.8918	-4.41159
-12.8671	-2.96376
-9.54333	-9.52003
-6.82235	-9.51099
-3.97983	-18.4009
-5.12304	-19.4295
-6.44682	-21.6579
-5.33851	-24.2016
-4.77654	-26.8592
-5.09101	-30.4442
-3.80466	-32.8089
-5.17651	-28.376
1.05625	-30.3396
1.71498	-21.2295
1.17292	-16.6278
0.511402	-15.0865
-0.179523	-15.7015
-1.25503	-14.9813
-0.287131	-11.9603
-1.60669	-12.0285
0.311707	-12.9104
-0.0879526	-17.9671
-4.58856	-24.5602
-6.65049	-28.3991
-9.23058	-29.5006
-9.57928	-31.262
-11.6035	-28.2131
-13.1921	-22.5168
-10.0625	-22.0905
-4.83531	-13.3268
-4.01516	-12.551
-2.17065	-13.7136
-5.25462	-11.6693
-5.75163	-9.41319
-5.14159	-11.6536
-7.2007	-13.3754
-10.6048	-15.1155
-10.7831	-17.6991
-12.0392	-21.9448
-11.9888	-25.0624
-12.2594	-19.9123
-7.24693	-21.8293
-8.92831	-21.0104
-6.25304	-24.5065
-6.18758	-26.7567
-9.03034	-23.4973
-9.81117	-22.4896
-12.4026	-23.3472
-12.4593	-22.6451
-16.2049	-23.9204
-15.0299	-21.0138
-24.5664	-15.7123
-21.3568	-18.5936
-20.649	-19.6086
-21.9722	-20.9044
-22.9759	-20.2481
-22.08	-19.1543
-22.3632	-22.8163
-25.2039	-18.8178
-24.193	-17.2095
-26.1652	-21.8264
-22.4544	-17.9482
-23.2285	-23.2986
-22.9679	-21.8711
-24.5547	-22.7446
-22.749	-16.3388
-24.4868	-19.8511
-24.1258	-16.4066
-22.1828	-20.6915
-24.7571	-20.4713
-23.3451	-19.238
-26.5924	-22.534
-26.043	-17.4169
-25.8606	-19.88
-24.4744	-20.0509
-25.2432	-17.1103
-24.4211	-19.3584
-18.5385	-13.0077
-32.3827	-15.3629
-30.7447	-16.1361
-25.0688	-13.9411
-19.5038	-13.3496
-5.09909	-14.5191
-2.64553	-14.0351
-5.3133	-13.2209
-3.30639	-16.6514
-3.75894	-17.4092
-5.0633	-18.5001
-6.04114	-17.1255
-5.66164	-17.9228
-6.5248	-17.6417
-7.82836	-15.9985
-8.7679	-12.3935
-9.52236	-10.7671
-9.13464	-10.4525
-8.53096	-10.2949
-8.52666	-9.26459
-7.38686	-9.69891
-7.1089	-9.74683
-5.93662	-7.99865
-10.05	-7.79006
-12.4733	-19.4805
-14.7021	-20.1393
-16.967	-16.4398
-17.0204	-10.3877
-16.879	-17.2981
-16.3436	-23.5501
-18.0848	-24.966
-18.6751	-25.9851
-17.711	-28.9157
-17.5263	-30.1298
-17.0842	-32.4195
-17.3585	-30.3456
-16.8375	-30.2781
-16.3469	-28.3473
-13.5872	-26.3094
-9.05797	-21.3535
-5.75678	-15.6711
-6.44987	-12.0917
-9.47862	-18.2735
-14.4481	-18.9969
-16.8357	-18.5716
-17.3628	-21.8055
-21.5298	-26.5651
-20.6933	-23.8814
-21.8347	-22.619
-25.5519	-24.1268
-17.5791	-17.7625
-10.6248	-20.0528
-9.09022	-25.4735
-12.5076	-21.5957
-11.7782	-14.2188
-11.1035	-22.8222
-13.3047	-23.1335
-13.086	-27.4985
-13.1242	-29.4912
-13.5419	-32.0471
-14.4894	-31.2881
-15.8385	-30.0493
-10.0499	-36.782
-8.01725	-27.4237
-8.99099	-33.4272
-7.65864	-29.1291
-7.89182	-25.1147
-8.11085	-21.7881
-6.51914	-19.4292
-10.7088	-16.6449
-17.3895	-22.5793
-16.3281	-22.2842
-15.9457	-22.5044
-19.8015	-19.4632
-19.3078	-21.906
-26.1517	-19.6304
-23.8796	-17.3601
-22.7223	-14.8322
-27.2405	-8.355
-26.4077	-9.94616
-20.592	-2.5635
-15.6778	4.56277
-16.0162	3.64673
-12.101	-1.93771
-12.6815	-3.69576
-13.2028	-6.35032
-14.161	-8.80344
-16.443	-7.9712
-17.0317	-7.64061
-16.1953	-9.04403
-15.7386	-10.0531
-13.4131	-12.8366
-12.3479	-17.2567
-9.31627	-21.7024
-8.86321	-21.91
-7.17616	-22.0924
-8.68722	-19.579
-6.41903	-17.1655
-4.17061	-10.4094
-6.42462	-10.9073
-13.7661	-6.82938
-22.6096	-11.7659
-27.6982	-13.1415
-31.0561	-18.1905
-31.9062	-16.5756
-31.5929	-14.7102
-32.0946	-10.8668
-32.0844	-13.6831
-29.3454	-14.1309
-28.0318	-15.6102
-22.1251	-19.9581
-15.8573	-13.6406
-10.7878	-16.5449
-12.0549	-19.4881
-14.0086	-19.039
-12.4407	-20.3304
-12.4631	-21.107
-9.639	-20.8144
-11.0931	-17.9694
-14.6201	-6.9511
-15.1216	-5.02766
-11.7964	-8.90804
-4.42372	-13.9109
-3.55337	-10.7543
-12.1683	-11.9078
-15.9635	-16.9448
-16.6827	-17.0035
-20.4053	-17.1116
-18.9373	-17.9387
-22.1085	-17.0722
-22.5798	-19.0779
-24.9806	-24.2045
-24.3937	-25.2441
-25.0879	-22.8986
-20.8196	-24.1645
-13.8556	-17.8766
-9.76489	-18.4533
-9.88193	-23.0223
-9.7988	-27.5739
-10.4574	-31.7309
-11.1956	-30.3804
-10.5335	-31.8933
-10.7244	-30.7248
-10.1132	-31.4379
-10.5966	-30.9665
-9.46972	-31.1346
-9.14416	-25.8174
-9.05872	-11.6319
-11.1061	-1.98287
-15.695	0.639572
-14.6631	-1.48657
-12.9311	-8.4224
-13.5	-7.10803
-15.7412	-2.50086
-17.994	-0.488688
-12.0142	2.65122
-14.6213	3.46011
-11.6703	7.64751
-11.0797	6.41682
-10.3263	4.78634
-11.6789	4.86351
-10.2668	4.07486
-10.2489	-5.53658
-17.4196	-11.0454
-20.6891	-14.6417
-21.3401	-18.3273
-23.1058	-16.647
-22.0651	-17.1735
-24.2348	-19.209
-23.1491	-13.8975
-24.8616	-20.1464
-21.8625	-18.5043
-23.884	-20.6128
-24.4796	-17.6638
-21.8006	-19.6275
-23.4859	-23.0629
-22.0673	-21.066
-21.2798	-20.9921
-21.0778	-16.4292
-23.6497	-13.9397
-20.9751	-19.4754
-18.2695	-14.8701
-21.8149	-15.147
-25.5802	-20.709
-22.7492	-17.4302
-22.9414	-20.5945
-23.5575	-21.1378
-23.1035	-17.5502
-24.0489	-20.0583
-25.0441	-17.7073
-24.8948	-19.0237
-23.4199	-19.8471
-24.0254	-18.118
-18.611	-13.0565
-24.7884	-16.7731
-24.1902	-21.687
-23.4415	-17.8905
-24.496	-19.4767
-23.3531	-20.0568
-23.6428	-16.3333
-24.9349	-19.3913
-19.9022	-15.3816
-13.1487	-12.791
-10.1026	-12.7231
-13.8577	-19.0194
-22.1294	-22.5222
-18.6609	-22.159
-14.6063	-26.7874
-19.4831	-30.8007
-20.2075	-24.6663
-18.929	-19.891
-14.6072	-17.2885
-11.5542	-13.1887
-10.6654	-10.5522
-12.773	-9.09275
-14.4163	-12.9678
-17.7127	-19.2024
-19.3601	-20.0318
-30.9327	-26.942
-27.4394	-23.193
-12.6247	-3.76438
-14.152	-8.09097
-14.7113	-7.64097
-13.9108	-9.09596
-13.3492	-9.80607
-12.0923	-10.3747
-9.28453	-10.1925
-6.62958	-8.86183
-6.99167	-6.27449
-10.0456	-7.85355
-13.8338	-6.24175
-22.2337	-10.852
-22.7736	-17.7482
-21.204	-20.7648
-10.4406	-10.7649
-11.732	-17.4325
-12.586	-15.5158
-11.6537	-15.424
-12.0871	-15.2221
-11.602	-13.6328
-9.85343	-11.4972
-9.07748	-9.23206
-8.46668	-2.20636
-12.4455	-0.284052
-16.2861	3.7281
-19.278	2.96874
-16.1205	-1.36528
-16.3023	-21.5197
-27.0008	-7.11946
-20.7462	-2.93211
-14.5145	-1.39118
-5.42444	-4.20861
-5.44946	-6.50909
-5.2531	-6.61394
-4.43989	-5.62441
-9.15805	0.405232
-4.72395	-5.33875
-3.91594	-7.4687
-2.9771	-9.1091
-3.23328	-9.74521
-3.95369	-7.81604
-3.71278	-7.02338
-3.02197	-9.07663
-1.87389	-8.28603
-1.61089	-8.51794
-0.91932	-6.67634
-5.38807	-1.10334
-8.45004	-2.67881
-14.7901	1.07478
-22.3236	-7.53108
-26.0167	-4.06916
-27.4439	-8.20582
-30.9784	-5.94571
-32.9289	-4.45374
-30.1081	-11.8056
-29.3413	-12.123
-29.1604	-6.83065
-24.0876	-6.13875
-13.622	-0.329802
-15.2359	-0.0965616
-12.8748	0.733538
-13.702	0.632092
-15.0613	-0.0147746
-15.6241	-0.333491
-16.0872	1.19714
-15.9858	-0.0742309
-15.0052	-0.933952
-14.9286	-1.34188
-15.0522	-4.64594
-15.3422	-7.33686
-15.4502	-10.6706
-17.1522	-12.2639
-18.4543	-12.625
-18.7058	-14.0705
-18.793	-16.0277
-17.9921	-16.6469
-17.4842	-17.5391
-15.617	-17.7161
-13.067	-17.7731
-10.8103	-12.9563
-7.94004	-14.3913
-8.90487	-13.282
-9.99541	-11.8847
-9.25562	-14.008
-8.90988	-13.6606
-7.89163	-14.6742
-8.91407	-14.9905
-8.10462	-16.8287
-8.83627	-15.4711
-7.61149	-16.565
-7.21898	-17.9726
-13.0589	-18.1596
-13.04	-18.6467
-11.0268	-18.5219
-9.87661	-17.3154
-7.64785	-16.4525
-5.67247	-14.1228
-5.03833	-9.55929
-5.59942	-4.39782
-9.81333	-2.83053
-15.0421	-0.23425
-17.7279	-1.91277
-21.2623	3.22103
-18.0901	-0.516833
-14.7831	-0.990091
-12.0091	-5.81234
-11.1081	-8.85297
-11.9457	-9.00492
-13.5453	-8.07913
-12.7123	-10.6348
-13.0108	-11.6003
-11.9216	-12.6961
-12.563	-1.40121
-19.5246	2.33945
-12.9745	-10.4018
-11.4083	-16.2127
-10.8685	-18.661
-10.182	-18.0818
-9.31822	-19.9465
-8.76986	-19.1483
-6.91241	-20.3701
-7.60436	-19.5919
-7.41276	-20.2554
-7.20852	-21.4428
-6.88529	-21.1543
-6.5666	-19.778
-7.36881	-18.8624
-7.23643	-20.6739
-8.77252	-21.1371
-9.31184	-22.5802
-10.8233	-22.8917
-12.6614	-22.9166
-13.0776	-23.8013
-12.2589	-25.0198
-11.7659	-26.2506
-11.0845	-24.6022
-8.16118	-25.4668
-6.63357	-23.5391
-4.98012	-19.5615
-5.01793	-14.3404
-11.9458	-5.13123
-20.0778	-7.09847
-22.9726	-4.24894
-24.5355	-3.55624
-31.7345	-7.31459
-32.1927	-8.69159
-30.4917	-13.3005
-29.6941	-9.37205
-27.3361	-15.2019
-17.6641	-9.80023
-7.85772	-9.55538
-2.68671	-16.698
-5.94782	-19.294
-5.25468	-19.7065
-6.02908	-17.1538
-5.2871	-16.7647
-6.84199	-13.5932
-6.36498	-12.7302
-6.64459	-9.46407
-6.82763	-8.5446
-7.48479	-8.6749
-8.81429	-5.63215
-11.126	-5.98589
-11.7832	-10.0514
-18.1514	-11.9816
-20.4646	-19.7236
-19.5199	-23.6451
-25.0856	-20.1595
-24.3949	-20.7681
-16.0736	-1.96969
-13.1933	-4.58835
-12.934	-4.61297
-9.92598	-8.43394
-5.71163	-9.77686
-5.48192	-10.1558
-4.67167	-11.9381
-3.85224	-11.3813
-3.44717	-9.63684
-2.69563	-10.2004
-1.81451	-7.86387
-2.50674	-5.09825
-12.626	-3.79623
-23.4977	0.953958
-25.4603	-3.94589
-27.8718	-11.4533
-29.8722	-11.4846
-27.9272	-11.1096
-29.4328	-11.2737
-28.9179	-12.103
-26.6782	-14.3005
-25.0312	-17.8348
-23.0937	-14.9451
-23.718	-18.3136
-22.5447	-17.8856
-18.7709	-12.358
-8.67069	-17.7274
-19.1659	-8.75652
-30.1243	-0.586488
-28.693	4.91777
-19.9558	5.49182
-14.0218	-11.8478
-13.4898	-14.4072
-12.8162	-14.5335
-10.4939	-10.9681
-10.1667	-8.09304
-14.9934	-1.84215
-22.7218	-1.13139
-24.9031	-8.67426
-31.0454	-13.7603
-29.7663	-8.65348
-29.2833	-12.1137
-29.003	-12.1585
-25.816	-17.5649
-21.4528	-20.1383
-18.2635	-23.7265
-19.9497	-26.9702
-20.1896	-22.7731
-14.8656	-19.7612
-11.4697	-23.5121
-12.998	-30.0553
-8.95634	-22.5709
-13.3958	-31.3284
-6.97207	-26.7463
-10.5505	-31.7459
-14.7947	-21.714
-14.7839	-12.4613
-5.18831	-21.1562
-7.74267	-28.4935
-10.1894	-17.5483
-5.16143	-11.2702
-8.78905	-13.1298
-8.36392	-12.1538
-6.2901	-8.9903
-7.25459	-9.10206
-4.95006	-7.88104
-5.23647	-7.96515
-5.94202	-6.35465
-5.59157	-6.89958
-5.57391	-2.86797
-7.72169	-9.5838
-10.4419	-8.25869
-13.0352	0.169013
-16.6853	-9.37406
-25.6827	-14.2582
-26.1092	-7.31785
-32.9801	-4.72281
-34.3933	-9.34861
-31.8127	-5.39617
-32.6976	-10.7654
-32.4473	-8.77211
-32.8555	-9.70782
-30.5182	-7.80202
-33.6584	-4.82721
-30.7762	-4.6835
-29.7765	-10.7723
-28.6091	-17.188
-22.0544	-14.7175
-23.5959	-21.6676
-22.0795	-20.2505
-22.64	-20.5489
-24.0166	-18.448
-23.3941	-19.2725
-24.7931	-17.3495
-23.7026	-17.381
-25.1427	-18.8133
-24.1855	-16.3301
-26.5623	-14.369
-25.8481	-20.601
-23.1144	-14.0599
-23.5347	-18.2162
-21.5401	-20.2346
-23.2055	-19.6519
-23.6852	-18.2627
-20.6008	-18.3917
-23.3264	-18.6911
-24.0543	-19.671
-22.917	-14.8697
-23.6863	-18.3423
-22.834	-16.3308
-17.5591	-11.545
-10.3927	-2.51787
-12.2997	-6.82836
-15.8977	5.20179
-17.5693	9.95286
-18.2459	11.5556
-17.5387	12.4314
-17.732	8.64494
-19.5378	8.30153
-16.8224	4.48025
-19.545	1.21102
-19.1709	-5.13221
-16.6976	-14.6344
-15.2726	-19.6264
-13.9674	-23.5395
-11.8178	-25.2306
-8.09432	-26.2297
-6.49903	-21.4325
-8.57097	-13.4642
-7.57055	-14.1029
-8.33287	-14.6985
-8.67534	-15.2746
-8.89598	-15.4807
-10.3648	-14.854
-4.19082	-28.3232
-7.06515	-25.4352
-7.49638	-24.8378
-7.44836	-22.6056
-6.63485	-21.5772
-6.64223	-20.1372
-5.00856	-18.2832
-4.10399	-12.3664
-3.41216	-7.09664
-6.5904	-8.78129
-7.51756	-14.9388
-11.2239	-12.258
-14.201	-18.1238
-30.4581	-11.7501
-30.9428	-22.2719
-24.7872	-24.3356
-22.2963	-12.3849
-8.34893	-15.1362
-10.7269	-15.1498
-12.62	-13.6908
-12.7053	-13.7428
-11.8891	-12.4096
-10.3739	-10.0229
-8.27977	-8.02256
-6.57969	-8.844
-12.0212	-11.7673
-13.6732	-14.7576
-21.3051	-9.44596
-22.8982	-11.7739
-27.4387	-23.7332
-18.0607	-22.2611
-16.4759	-15.7437
-11.2715	-23.4671
-9.2362	-26.1305
-14.3596	-25.3738
-14.6818	-25.5339
-14.7161	-25.2205
-13.8453	-23.2685
-13.8568	-22.1693
-15.1051	-21.8773
-13.2255	-24.1687
-10.9665	-24.7705
-9.68901	-22.6713
-6.48214	-20.2833
-5.93612	-16.3313
-5.71569	-17.2592
-6.81362	-17.3516
-7.44614	-16.3182
-8.7453	-14.6848
-8.87393	-15.5778
-8.05633	-17.1111
-9.6609	-15.403
-9.25957	-16.4095
-10.1315	-15.316
-10.0197	-13.9891
-10.2796	-13.4459
-9.70282	-12.3571
-9.20146	-14.7432
-7.63103	-16.4007
-7.76457	-18.216
-7.90314	-18.4028
-8.73497	-17.3362
-8.98821	-17.7385
-8.83778	-17.9415
-8.6429	-17.8338
-8.50052	-18.1405
-7.94854	-16.9103
-6.22747	-14.2754
-4.57609	-11.201
-3.46608	-9.52831
-4.39863	-10.7108
-6.0625	-8.05544
-6.37012	-12.033
-9.55848	-12.0284
-10.0462	-9.19093
-8.70837	-6.79112
-7.2555	-13.1193
-8.7164	-15.7695
-9.54065	-19.3124
-9.39624	-22.4447
-11.9059	-20.1346
-12.7748	-17.979
-12.3403	-16.5871
-13.196	-18.4518
-14.8602	-20.1181
-15.2618	-21.2339
-12.8769	-24.1218
-11.6029	-24.1635
-12.4263	-25.1145
-7.05474	-26.5362
-4.81062	-21.9208
-9.44966	-23.684
-7.1218	-23.2448
-9.37535	-23.4828
-12.2569	-24.8686
-8.72984	-25.7469
-13.5333	-27.4578
-7.01827	-24.0399
-14.2345	-25.3379
-9.63916	-20.9055
-14.5986	-20.9552
-9.34534	-21.8988
-11.8255	-20.5322
-11.8967	-23.8809
-13.293	-25.4149
-12.5113	-27.195
-13.0868	-26.2861
-10.6964	-27.8339
-7.56685	-30.3435
-5.11389	-30.9172
-5.03486	-27.1939
-5.0052	-20.0187
-7.04086	-12.7246
-4.27648	-12.2327
-3.21838	-12.7922
-3.80456	-8.3027
-3.34635	-6.14978
-2.29096	-5.55804
-4.81767	-4.27465
-8.28098	-5.42992
-14.1021	-1.46575
-26.1255	-3.8649
-28.9566	-9.1741
-33.6397	-14.4988
-30.7106	-11.9716
-30.6822	-9.84849
-30.9897	-11.3713
-30.8709	-9.75356
-30.4605	-10.1065
-29.6602	-8.45568
-25.8172	-12.0048
-19.148	-4.12912
-8.24599	-1.08847
-13.1209	-8.58283
-16.4361	-5.27942
-14.0591	-8.52212
-13.7497	-11.6231
-14.0556	-16.0419
-9.83489	-15.6137
-10.6751	-20.5555
-5.62977	-12.001
-7.19036	-7.59722
-15.3454	-7.30005
-22.5659	-12.7414
-26.3248	-11.3635
-29.6232	-12.6414
-32.4247	-12.3718
-34.4433	-17.6786
-33.2347	-16.7807
-25.3121	-15.8403
-18.9686	-19.7367
-21.7692	-19.3638
-21.7985	-16.6535
-22.6748	-18.5301
-23.7391	-16.5617
-20.0466	-20.837
-27.3023	-16.0502
-20.4957	-11.7601
-10.5855	-18.9297
-2.67649	-19.0598
-4.12851	-22.9293
-7.57743	-23.6732
-9.64872	-28.7548
-9.26937	-31.1617
-8.59028	-33.3411
-9.3376	-31.1334
-7.94009	-28.979
-7.47689	-22.4219
-8.82803	-21.2078
-6.86988	-16.9366
-7.20015	-15.1588
-13.7608	-13.4222
-20.9024	-11.583
-24.1378	-14.3643
-26.8383	-13.9922
-29.6231	-13.977
-30.5653	-14.0368
-29.3764	-13.3906
-26.6451	-11.2015
-26.6953	-12.6049
-23.6701	-10.2301
-20.1597	-6.28414
-13.1021	-1.99009
-13.1889	-2.98423
-11.9237	0.361015
-8.78112	-1.30903
-8.40649	1.72572
-11.3448	-0.676965
-12.7418	-11.1545
-17.4391	-15.1467
-18.976	-15.7918
-21.4713	-18.6581
-22.3694	-19.6383
-22.2674	-19.1405
-23.5526	-18.4425
-23.1235	-18.4878
-16.4556	-31.974
-14.1712	-29.5872
-22.9558	-24.7125
-12.4401	-28.4001
-15.2947	-17.4509
-12.0452	-17.0552
-5.74571	-10.5997
1.62249	-13.9793
1.37872	-14.3723
0.930992	-13.0557
0.285091	-9.42219
-1.01716	-10.0768
-1.41394	-9.99839
-2.78855	-8.08619
-1.50948	-7.30393
-3.3472	-4.1504
-5.28974	-6.22511
-11.4763	-7.21008
-17.334	-15.8861
-20.9688	-18.1245
-20.4528	-15.8916
-26.4186	-22.9439
-29.0568	-15.9025
-24.3515	-15.7822
-21.1402	-11.2888
-19.5202	-11.746
-16.0812	-9.50567
-10.0389	-6.9306
-6.0662	-16.2355
-3.65593	-17.3391
-7.20535	-20.9218
-10.022	-25.3089
-11.9028	-24.8484
-10.3844	-24.6286
-4.86482	-25.4708
-2.5033	-22.0769
-2.618	-19.2174
-1.65604	-17.7133
-2.26079	-13.3357
-1.42579	-15.4426
-1.54041	-13.729
-1.61815	-12.7786
-0.606472	-13.9428
-2.86687	-6.7289
-3.51177	-5.13516
-10.3191	-9.30508
-13.52	-13.5611
-12.8323	-11.6758
-10.7847	-7.79926
-9.92948	-6.63965
-11.2066	-11.2372
-14.3014	-7.87072
-14.9749	-15.0833
-19.87	-16.7407
-20.3221	-20.5363
-19.8257	-18.4321
-22.4646	-20.328
-24.1968	-17.2947
-22.0443	-20.05
-23.8367	-18.9383
-23.9429	-20.7973
-24.2697	-24.6565
-23.4693	-23.9565
-25.1397	-19.7987
-22.6777	-16.6379
-23.0843	-19.7578
-24.326	-15.3647
-22.9049	-18.887
-23.0959	-23.8952
-23.6138	-18.9332
-14.0315	-21.4937
-18.7461	-31.519
-17.5748	-25.0306
-11.515	-23.7115
-12.8195	-23.3189
-16.6533	-28.4486
-15.9139	-26.7077
-15.5962	-31.9873
-12.6798	-37.9824
-12.2527	-35.2371
-13.8177	-32.8744
-12.1879	-32.7565
-10.3102	-29.8605
-9.18059	-27.9694
-7.89048	-28.5908
-8.60732	-29.644
-9.11376	-31.8159
-11.3108	-31.8543
-13.6576	-31.8622
-16.9862	-30.6796
-18.1689	-30.1006
-18.142	-30.8703
-16.7702	-29.5851
-15.2346	-29.2928
-12.9948	-28.5788
-9.21197	-28.5168
-6.57831	-23.2035
-5.68476	-10.9006
-5.48274	-12.1191
-3.37123	-8.86403
-3.06147	-8.45989
-3.23622	-13.7979
-21.7012	-8.42382
-24.9308	-17.4255
-26.194	-10.7486
-26.8895	-7.44051
-26.021	-4.2629
-28.9107	-11.0847
-27.3764	-11.2965
-16.4339	-5.26964
-9.89707	-5.01874
-9.88264	-11.1002
-10.4931	-8.52637
-10.7154	-9.07967
-11.9931	-5.13045
-11.2959	-5.32709
-10.9669	-5.20577
-10.2676	-2.7822
-12.0798	-1.224
-12.6688	0.16687
-11.2997	-2.71766
-12.2498	-2.23826
-11.3304	-1.53915
-9.2434	-2.39606
-9.04242	-5.52474
-9.9136	-1.19408
-12.1041	-4.38187
-11.2712	-8.80429
-10.8552	-9.16546
-8.88908	-16.3627
-9.69475	-17.2262
-11.1996	-19.808
-12.8278	-20.1646
-14.388	-17.9338
-15.515	-16.3558
-15.5531	-15.484
-16.0522	-12.4558
-16.2225	-9.11061
-15.6001	-8.7373
-15.1017	-8.73254
-16.68	-5.33122
-17.9701	-2.86439
-18.7622	-1.40471
-19.367	-2.50567
-20.2826	-4.12434
-20.4329	-5.00842
-19.3109	-8.326
-15.6939	-16.9826
-17.7169	-16.581
-12.0846	-21.8935
-9.71848	-24.3266
-10.7121	-25.4632
-6.76896	-25.2609
-3.75633	-26.163
-5.89387	-24.9763
-4.03442	-21.9038
-2.1959	-20.8815
-1.19757	-24.17
-0.898976	-17.2155
-0.771208	-13.3172
-0.698547	-11.3076
-1.35415	-10.5616
-2.99718	-14.1277
-5.39212	-9.79407
-8.16149	-12.6052
-8.85608	-13.4567
-15.2637	-7.89001
-19.6352	-9.30301
-27.9711	-14.6055
-33.4064	-13.9524
-33.8989	-10.5169
-30.267	-13.4282
-31.7289	-8.13367
-29.841	-15.5726
-28.5447	-14.1799
-24.9439	-18.492
-17.3514	-19.035
-10.9381	-23.5436
-11.2793	-25.4556
-11.3761	-29.7789
-12.0975	-29.1264
-11.0429	-28.8662
-9.62582	-27.431
-8.0465	-24.8326
-7.69804	-21.9814
-4.7146	-17.274
-3.81963	-13.5724
-1.97765	-10.8734
-0.734517	-10.3995
-2.89427	-8.16897
-7.70839	-4.06845
-9.56565	-11.0654
-13.6612	-13.6664
-16.0003	-15.8806
-19.0966	-18.1611
-17.9101	-19.6661
-11.4259	-20.8634
-15.6977	-22.7199
-18.7436	-27.4811
-15.2518	-29.0146
-15.3589	-23.0847
-4.40578	-12.6313
-3.18283	-14.4741
-6.1751	-12.5615
-6.06719	-18.1114
-7.25007	-18.9322
-8.56628	-17.8268
-10.4104	-16.5422
-9.0369	-18.5298
-10.5193	-16.4328
-11.9208	-14.0363
-13.3197	-12.5606
-13.1687	-17.2233
-11.0478	-22.8724
-13.1123	-23.0361
-13.1325	-23.163
-15.0848	-21.7794
-16.5153	-21.291
-11.5666	-15.9281
-9.00285	-14.4229
-11.712	-18.0488
-11.2554	-11.032
-12.1402	-10.6928
-9.41135	-12.9522
-11.0609	-10.0884
-14.8729	-10.9717
-11.9399	-11.0772
-15.238	-8.50962
-16.5542	-13.0043
-15.6087	-13.0441
-18.834	-19.648
-19.4216	-20.87
-21.535	-19.2916
-19.5992	-22.7364
-21.2212	-18.2485
-23.4253	-18.7724
-21.1064	-16.2435
-23.7975	-18.1627
-21.8476	-21.2316
-21.9985	-12.8743
-23.4605	-18.496
-23.8717	-16.6729
-24.1313	-16.4516
-22.6777	-19.9035
-23.7878	-16.8401
-25.2451	-20.7735
-25.2526	-19.159
-21.596	-16.8519
-21.369	-18.9016
-22.2859	-20.3409
-21.5634	-14.292
-17.2902	-13.6257
-5.54707	-7.69963
-8.48516	-11.9729
-6.14028	-9.25681
-9.33315	-11.026
-7.94113	-14.6956
-10.3192	-11.0234
-7.49928	-21.2537
-7.50807	-26.2593
-9.19406	-25.5705
-8.48777	-26.2134
-9.62542	-24.6409
-7.66139	-24.1633
-8.01832	-20.4433
-8.0749	-15.9439
-9.84382	-12.4785
-9.30081	-13.0443
-10.95	-10.4567
-11.088	-9.11049
-13.0078	-6.63571
-12.1939	-4.48274
-11.616	-3.07168
-10.2937	-5.22806
-9.47565	-8.19949
-6.74144	-8.41565
-9.45078	-7.19357
-12.1128	-7.87548
-18.6136	-5.2542
-22.5286	-9.77732
-25.1556	-11.9393
-25.8723	-18.0582
-24.0601	-21.107
-16.8682	-18.6351
-8.91685	-17.4497
-5.50365	-14.9035
-3.44094	-16.6323
-3.46435	-15.0388
-3.76145	-13.7307
-5.6222	-11.9177
-7.74231	-9.5506
-10.2223	-4.64037
-15.9523	-3.94511
-24.3483	-6.22459
-27.2858	-7.20436
-31.1448	-15.3751
-34.7955	-11.516
-34.4485	-12.5027
-35.3646	-5.92116
-33.7041	-7.23538
-35.3979	-9.0918
-32.9776	-11.0472
-34.775	-10.5185
-34.1706	-5.42288
-32.5322	-7.36871
-25.1824	-8.3071
-10.901	-7.83746
-13.7955	-10.5915
-13.8699	-13.6732
-13.9218	-15.0193
-14.1809	-16.1355
-13.6835	-18.0035
-12.5621	-20.2599
-12.3708	-22.653
-12.6641	-23.5411
-11.5114	-24.8724
-10.2537	-24.9284
-9.5515	-25.2617
-8.3527	-25.6618
-6.74246	-25.3488
-7.36116	-24.5667
-7.2769	-26.2336
-6.72253	-25.7325
-6.70121	-26.34
-6.48342	-27.7653
-6.49917	-27.6823
-7.15305	-27.9476
-7.96876	-27.6784
-8.17886	-28.8875
-7.80803	-28.5303
-7.5184	-28.3464
-6.00676	-27.3438
-6.73449	-19.6803
-10.5758	-13.8693
-7.48428	-15.7654
-3.14006	-14.5842
-2.6199	-12.8437
-7.57341	-4.67431
-13.4022	-8.85405
-19.1211	-1.30497
-25.0117	-6.61814
-29.8411	-8.59947
-31.7399	-6.42352
-32.9012	-10.1387
-34.4253	-8.07669
-33.6064	-13.8958
-31.7294	-20.0807
-34.0233	-20.1579
-30.7381	-15.2107
-25.3176	-17.2027
-21.2333	-16.7748
-10.5594	-8.6408
-7.48989	-13.0149
-5.30915	-16.6376
-2.82845	-19.5394
-4.08621	-19.2334
-3.91712	-19.3889
-7.6551	-10.8371
-7.03597	-12.5785
-7.21659	-11.3267
-6.79451	-10.401
-6.79025	-9.50914
-7.88383	-8.8937
-7.35746	-7.93784
-7.31144	-6.34015
-6.01456	-8.27157
-4.99247	-8.56194
-5.96344	-5.70489
-6.65539	-3.35841
-5.30354	-5.03448
-6.11218	-7.67235
-12.9925	-8.20444
-16.5638	-13.9365
-17.4863	-16.3809
-18.6445	-17.0918
-20.6756	-15.6608
-18.414	-17.7536
-15.1851	-17.667
-14.4269	-17.5839
-13.0856	-18.165
-12.5845	-12.5552
-7.4406	-7.29874
-8.17516	-2.5956
-10.5763	-7.93228
-11.195	-7.36933
-11.7478	-12.2619
-26.6584	-9.45658
-27.1974	-14.3306
-30.3199	-6.72103
-30.9369	-9.25215
-31.5364	-5.26287
-30.714	-8.54507
-24.8813	-7.09174
-23.2186	-8.64833
-9.77525	-9.24278
-9.49028	-17.9539
-7.94938	-20.2903
-9.82735	-21.169
-10.223	-24.7372
-10.4024	-26.7595
-12.6161	-24.5943
-12.385	-21.8573
-8.56024	-16.4523
-5.51911	-9.56634
-9.52954	-8.32049
-13.2619	-15.6108
-22.2184	-16.6187
-28.2204	-23.8622
-21.4982	-23.837
-13.2141	-14.6438
-11.8639	-13.9794
-13.2664	-18.1462
-8.73563	-23.0635
-7.90426	-22.387
-7.01982	-19.6756
-5.62528	-18.0506
-4.5968	-9.62444
-5.45388	-11.4493
-5.42068	-13.0047
-5.77083	-12.1354
-4.8195	-14.304
-5.65465	-13.9891
-6.24474	-11.4932
-7.83081	-6.76459
-10.3725	-2.32563
-12.2142	0.186973
-14.1385	2.57122
-14.6022	2.59964
-13.2883	-0.35465
-12.4781	-4.82716
-11.1705	-9.39686
-9.47252	-13.0288
-8.1357	-14.7097
-7.57344	-17.0477
-8.56375	-17.2296
-8.77554	-19.0179
-10.3165	-17.2862
-10.5684	-12.4191
-11.2532	-11.3348
-11.1532	-12.354
-10.6118	-13.8214
-11.4341	-13.3192
-9.66124	-21.1819
-9.29518	-26.9553
-9.93424	-28.8414
-11.6258	-30.0632
-12.7907	-29.7173
-12.3802	-30.1935
-10.6373	-29.3607
-8.68996	-28.7156
-6.82282	-26.6692
-7.67044	-19.5817
-6.40941	-17.8177
-4.4761	-16.3856
-3.55661	-13.7241
-1.22139	-8.93872
-2.47152	-5.5866
-4.99121	-4.60014
-7.58954	-10.4016
-12.1783	-13.6697
-16.2632	-16.3651
-17.7513	-17.9094
-20.4317	-13.6511
-22.4488	-14.671
-24.7171	-13.81
-24.7153	-9.61002
-28.2421	-16.9696
-19.3377	-7.79575
-13.224	-12.0296
-13.7464	-9.42519
-13.4108	-6.51164
-12.3611	-5.77142
-11.6606	-6.88502
-10.7493	-7.19283
-9.34858	-8.92618
-11.7387	-5.25015
-14.586	-9.19693
-17.7877	-6.42945
-19.9046	-11.1484
-25.682	-4.19742
-27.8426	-7.8611
-28.4319	-10.7701
-31.4053	-12.1845
-29.9454	-15.3135
-23.8172	-14.6005
-19.9755	-9.37198
-10.0046	-11.1303
-6.5071	-25.8571
-6.68987	-25.5143
-6.72442	-27.8247
-8.38188	-29.033
-8.31995	-31.0075
-8.82115	-29.6727
-6.97001	-27.7785
-6.09696	-21.3279
-5.58017	-16.7582
-7.67766	-12.7994
-16.9929	-6.10121
-24.0908	-10.3766
-30.3867	-9.12344
-34.4627	-9.51547
-38.1478	-12.7323
-36.3601	-9.3065
-39.6999	-11.0213
-35.9457	-8.27608
-34.0602	-10.9939
-30.2609	-8.62081
-28.4696	-20.3779
-21.2246	-17.245
-11.862	-15.7871
-9.64887	-21.1714
-8.12498	-26.0484
-6.75029	-31.18
-8.1125	-30.678
-7.92294	-29.0425
-8.00415	-22.6078
-6.90342	-19.2092
-6.67006	-15.4919
-4.59138	-12.0787
-4.60082	-6.54365
-6.85681	-11.4818
-14.7641	-16.1668
-15.9895	-19.9147
-16.628	-17.7955
-17.4426	-17.1279
-18.2223	-19.2494
-13.6583	-14.137
-5.07988	-11.3935
0.539173	-11.7073
0.142064	-12.6673
-0.782252	-14.7205
-1.22849	-14.8175
-3.16211	-14.275
-2.58884	-13.8508
-2.27475	-12.8022
-3.00437	-11.8883
-2.29134	-12.9348
-2.83265	-11.2631
-2.37419	-10.2485
-2.93979	-7.56296
-1.71224	-9.22313
-3.15957	-7.26934
-5.82387	-11.4925
-9.54858	-10.4788
-10.6476	-11.2201
-10.7828	-12.9759
-12.8188	-9.56227
-16.2882	-7.83631
-15.8269	-13.1443
-13.4344	-16.5619
-13.592	-17.6881
-14.5224	-18.0822
-15.1296	-17.9076
-15.521	-18.5183
-16.1337	-19.1565
-15.1444	-18.0688
-6.72408	-11.5366
-7.56519	-10.5289
-7.91499	-13.4611
-9.25705	-10.0524
-9.75449	-12.5576
-8.49081	-15.3589
-7.14302	-14.7811
-7.72929	-14.7982
-8.37753	-7.84972
-6.2529	-8.30095
-7.4772	-7.91174
-15.5756	-8.42633
-23.7221	-10.2614
-26.4629	-8.7003
-28.9478	-10.1198
-30.055	-9.77664
-32.2776	-12.2407
-31.1424	-8.74949
-30.1198	-6.88006
-29.5989	-11.2776
-32.2776	-8.87372
-32.072	-8.9668
-34.2078	-10.053
-18.2785	-17.5535
-24.7892	-18.9174
-22.9229	-19.2226
-24.4687	-19.7254
-22.5086	-17.7136
-23.7514	-18.3462
-21.7029	-17.9755
-21.9816	-20.7012
-19.7844	-18.801
-20.116	-22.3279
-17.337	-20.6942
-14.4593	-24.7061
-4.56734	-16.2878
-1.49506	-20.7973
-1.6593	-22.3608
-2.35397	-21.1468
-0.981078	-23.4417
-4.46508	-17.3846
-5.50071	-12.1029
-5.04427	-13.8639
-5.4328	-13.9856
-6.2544	-13.8433
-6.29431	-15.3818
-7.68591	-23.0923
-3.52201	-31.5189
-4.85161	-33.5972
-8.71784	-30.9021
-9.36384	-32.7307
-7.78604	-34.7497
-7.50205	-34.131
-7.59345	-31.2371
-4.25301	-29.9463
-2.51052	-29.0658
-2.26422	-28.5056
-4.45566	-24.0985
-3.72381	-22.1643
-2.33783	-19.2425
-2.25358	-16.3563
-7.49548	-8.83409
-17.4294	-7.15015
-23.8171	-7.50912
-20.8471	-8.6731
-22.8789	-10.2511
-21.3855	-5.02285
-21.3559	-11.5722
-10.2434	-16.4817
-6.19442	-23.5649
-4.90059	-21.5463
-5.27095	-20.2595
-6.43857	-19.7432
-6.75072	-25.6941
-7.11694	-26.5537
-7.73703	-27.8604
-9.86627	-27.6627
-12.9775	-26.3196
-14.4332	-25.3886
-16.5059	-22.7645
-17.9751	-18.8768
-19.0119	-14.2709
-16.8029	-10.9241
-11.1773	-9.27777
-2.98537	-14.8264
-5.00623	-12.3488
-5.16938	-12.0357
-2.82481	-12.732
-3.65627	-6.79745
-3.72032	-6.60902
-2.60071	-5.2258
-6.05442	-3.35546
-20.7797	-6.00567
-22.2597	-5.22034
-26.5008	-8.68972
-31.6343	-10.9135
-34.1164	-10.7853
-33.4911	-6.37732
-35.5934	-8.11993
-31.1486	-4.3474
-28.8003	-6.4744
-28.1235	-4.94003
-28.8112	-11.6637
-23.8225	-15.002
-23.9591	-15.0272
-27.6463	-20.1102
-24.793	-10.531
-13.0493	-7.72281
-14.5037	-3.89658
-15.4075	-5.32318
-15.4623	-7.2152
-14.2417	-10.8012
-15.8661	-9.84597
-23.9985	3.42627
-17.6834	-11.1212
-15.8175	-19.1068
-18.2696	-21.176
-19.0995	-25.8413
-20.1638	-25.7032
-19.5396	-28.0346
-19.0077	-29.0775
-17.9897	-27.7784
-15.3416	-26.858
-11.319	-29.4178
-9.80101	-28.5119
-9.968	-23.2332
-8.94208	-19.1264
-7.89097	-14.8391
-7.71483	-12.4233
-8.0622	-11.168
-13.1403	-13.3491
-16.5369	-21.4209
-14.1491	-18.0623
-19.8396	-22.9349
-21.039	-24.1995
-20.9607	-22.1062
-14.0431	-21.473
-10.1416	-28.3555
-11.4907	-28.0052
-11.726	-29.0266
-8.69172	-29.1411
-7.96402	-21.4776
-3.42151	-18.3294
-3.90824	-16.6952
-4.04215	-14.1983
-10.66	-11.3489
-13.1059	-17.679
-14.6513	-20.9322
-20.3291	-23.1042
-18.6136	-21.3623
-25.8495	-23.265
-20.6414	-24.3398
-16.1253	-19.9722
-8.34839	-28.0943
-11.239	-28.909
-12.0456	-27.9643
-9.69696	-26.9223
-8.03961	-24.017
-7.29758	-20.0349
-9.22033	-19.9485
-10.0808	-18.7842
-9.77416	-20.3708
-9.91576	-23.3948
-8.68833	-25.9815
-12.3613	-28.5434
-13.8946	-30.8237
-16.2326	-30.8911
-17.3073	-31.2771
-17.7756	-30.7399
-17.1146	-30.6512
-14.4677	-30.7738
-13.0819	-26.9533
-7.78401	-17.3363
-7.40777	-15.8143
-8.9448	-20.3213
-12.0202	-21.9795
-18.2277	-27.5
-22.3394	-25.5483
-27.5711	-22.9084
-22.5691	-15.0574
-16.055	-5.27992
-15.4443	-3.40442
-20.5386	0.744265
-20.5768	2.82786
-19.0745	1.88249
-14.441	1.85026
-9.70966	0.658859
-6.68366	-4.34666
-6.53073	-1.79792
-3.72415	-4.64825
-5.8974	-7.70809
-7.86097	-2.42348
-7.29095	-4.41414
-8.06959	-3.05509
-7.1101	-2.61208
-8.40997	-2.97031
-13.1124	-4.80852
-21.5576	-15.7394
-12.5481	-17.2982
-12.5588	-20.9835
-9.10276	-27.5427
-9.47525	-26.1562
-8.75371	-26.6769
-7.41229	-27.7618
-4.11099	-25.3646
-3.93665	-18.9106
-5.04865	-14.4305
-8.62089	-9.89432
-16.4659	-18.816
-14.3959	-20.5301
-15.9482	-17.5209
-18.1864	-21.563
-22.0151	-17.0925
-27.0565	-20.6656
-26.3421	-22.1397
-21.3034	-22.975
-18.8155	-22.5968
-14.8266	-21.3759
-9.46723	-13.8974
-0.993689	-16.8968
-0.753876	-16.8646
-4.98962	-11.5472
-5.15033	-11.154
-6.51146	-9.60582
-5.55945	-11.7813
-6.14273	-11.7421
-6.64564	-12.2278
-9.35465	-10.5123
-8.62664	-11.0285
-7.10384	-12.3468
-6.70203	-12.3847
-6.31682	-12.3966
-6.11541	-11.1036
-6.93444	-10.8704
-8.47609	-11.2935
-10.2905	-22.0082
-12.4849	-23.7729
-12.1605	-26.2137
-10.7216	-29.1892
-9.23804	-30.749
-9.91591	-29.7775
-12.3522	-25.4521
-12.7138	-23.2978
-13.2444	-19.7584
-13.0208	-14.0525
-13.8843	-16.2675
-13.1513	-20.1711
-13.4662	-21.2297
-13.6514	-21.2739
-13.4742	-20.4102
-11.8892	-21.753
-9.94644	-22.7031
-7.62078	-21.6507
-6.8516	-17.0914
-6.12772	-11.2445
-9.77589	-5.35835
-19.9263	-4.62994
-28.7863	-3.93165
-29.3477	-7.25564
-32.9358	-6.12413
-33.0024	-10.5471
-32.0248	-15.6298
-31.8174	-12.8192
-28.4062	-13.0215
-22.6039	-19.1511
-5.60957	-19.3432
-6.3766	-21.1419
-8.29177	-22.3517
-7.94323	-24.8905
-8.39427	-28.4558
-8.66867	-27.9566
-6.46999	-25.5165
-8.37227	-10.5192
-9.97923	-7.36395
-25.8129	-12.3372
-22.8745	-11.6737
-12.9608	-12.0066
-8.98717	-8.29962
-9.944	-20.2698
-9.13963	-27.2122
-11.7662	-28.0576
-13.415	-28.5205
-14.2941	-28.8052
-13.9426	-30.8541
-13.3848	-33.1471
-13.4043	-32.344
-13.4583	-31.5199
-13.2334	-30.2996
-12.8258	-30.1063
-12.1835	-30.0952
-12.3462	-28.7257
-8.11506	-24.5531
-9.72937	-23.3477
-4.15602	-13.1681
-10.0248	-19.6307
-5.64055	-10.4125
-8.78421	-16.0706
-3.90916	-14.1152
-6.71631	-13.9185
-6.05463	-10.6036
-6.14188	-7.6187
-6.15027	-10.8655
-5.46564	-8.5822
-8.88594	-4.6661
-12.6278	-10.8483
-17.5644	-14.2449
-18.7401	-13.7907
-22.3864	-11.6337
-35.1022	-29.039
-23.9183	-22.932
-21.7759	-19.1344
-22.5583	-20.3892
-23.08	-18.4277
-22.3272	-19.3431
-22.7078	-21.1269
-24.8432	-17.236
-23.8381	-17.955
-24.5472	-19.8709
-22.4125	-18.1895
-24.3043	-19.5312
-21.4801	-21.7475
-23.4611	-15.2246
-23.09	-17.1077
-23.8423	-13.6197
-23.3671	-15.4491
-24.5335	-17.729
-23.3714	-18.1361
-24.355	-16.2912
-17.6272	-12.2398
-2.5635	-9.46783
-2.99643	-14.6644
-3.00878	-15.5706
-4.308	-13.4408
-5.94822	-12.4605
-8.13959	-13.7608
-9.30241	-9.21821
-8.59934	-9.28534
-8.5538	-9.56678
-8.32186	-9.2899
-9.22534	-9.67705
-8.63071	-9.21071
-8.23437	-10.3853
-7.95567	-9.73369
-7.6919	-8.15533
-7.29649	-10.493
-8.47873	-15.3532
-2.67882	-17.559
-1.60855	-18.5041
-2.5839	-17.6843
-2.8865	-17.2793
-6.46349	-8.68672
-17.4131	0.253392
-23.841	-0.728553
-31.0007	-8.53533
-33.1828	-8.36752
-33.8123	-10.138
-32.6123	-15.9499
-33.7454	-16.1567
-32.3036	-16.2329
-28.7322	-14.9077
-24.034	-18.8771
-17.9525	-18.3947
-10.2321	-30.9866
-13.8934	-31.0109
-16.3003	-30.5104
-19.8793	-27.7649
-23.17	-23.8023
-24.3075	-20.0281
-24.5168	-13.3275
-24.0836	-5.11645
-23.8864	-1.05365
-20.5847	3.11599
-8.50402	-10.5409
-6.81458	-13.1992
-8.88937	-9.21744
-5.87774	-11.1812
-6.52217	-5.21047
-8.28185	-5.20111
-9.61524	-5.27101
-8.90419	-1.52276
-7.2077	-5.50186
-19.1708	-13.4481
-19.1199	-14.0202
-13.3846	-22.8272
-13.724	-28.1682
-12.7794	-30.9573
-11.0363	-30.5632
-10.0391	-27.7851
-12.1612	-27.5715
-14.2546	-26.9699
-15.5502	-27.1272
-16.5414	-28.4977
-16.7571	-27.5028
-14.6974	-27.6496
-13.2654	-26.4581
-11.8	-22.3688
-9.60861	-18.4123
-7.52941	-19.9323
-9.81819	-16.2457
-13.1475	-17.9938
-12.9429	-24.4725
-11.4409	-28.3244
-15.5833	-24.568
-12.6753	-20.3879
-13.1898	-20.5867
-10.8947	-18.8299
-3.39408	-10.1466
-9.08402	-18.5858
-5.3413	-22.1983
-5.09929	-20.6545
-7.86903	-20.6515
-5.84431	-20.1257
-7.1591	-19.539
-7.30132	-18.2534
-6.93994	-18.2254
-7.53572	-19.3201
-6.63288	-19.8361
-7.48656	-12.0959
-7.38222	-11.3426
-9.1992	-9.95762
-8.6638	-12.0642
-9.79959	-13.2429
-9.75512	-15.4442
-11.511	-14.6373
-13.139	-16.8332
-9.46231	-28.9159
-9.24433	-27.6904
-9.25814	-28.1479
-9.6251	-27.7616
-10.9026	-25.3936
-5.44156	-24.0527
-5.60065	-12.6813
-16.2475	-5.16381
-23.2916	-9.83505
-28.6886	-13.8435
-31.5183	-11.72
-33.4749	-8.83548
-35.6708	-7.32717
-36.8742	-7.56333
-33.8768	-3.75353
-33.3622	-8.10239
-28.2969	-13.2636
-20.8843	-6.89344
-13.555	-12.4496
-9.40455	-19.0621
-10.1813	-22.2923
-10.4853	-22.5711
-9.9527	-24.1872
-10.3255	-23.8997
-11.1919	-24.0952
-12.3057	-24.6957
-13.1462	-25.2496
-12.0148	-28.0771
-12.6594	-29.6607
-11.6895	-31.2458
-11.5903	-30.6269
-10.4849	-30.9488
-8.78898	-30.06
-8.41939	-28.1134
-8.01459	-25.7848
-15.1735	-14.5539
-23.3843	-12.5186
-18.007	-18.6215
-7.17807	-20.16
-7.96782	-15.0824
-7.82411	-17.6787
-4.62789	-21.8763
-4.24905	-19.3924
-3.39864	-21.1832
-6.81936	-18.2257
-6.07785	-16.8157
-8.99483	-16.7519
-9.80069	-12.0949
-8.27983	-7.37979
-13.2593	-3.91786
-15.7192	1.0748
-19.1216	4.10048
-22.0351	5.66859
-23.0188	7.13216
-20.9551	7.30715
-20.8409	7.93685
-19.4059	8.48102
-18.1542	9.27685
-16.1565	4.97936
-14.9755	6.00557
-12.3947	1.71034
-14.585	-0.340178
-14.9691	-2.62044
-14.5936	-6.01581
-14.5683	-9.14932
-13.5412	-14.4878
-15.1784	-16.3991
-18.2605	-16.462
-15.6253	-14.7485
-17.7828	-15.5507
-10.5115	-12.4405
-16.7062	-14.1034
-11.3593	-12.3292
-11.6418	-9.33348
-13.0036	-12.5842
-14.2471	-9.45033
-17.1849	-13.7364
-20.9254	-14.8531
-22.6408	-16.1769
-21.9308	-19.4803
-18.987	-19.6557
-20.1994	-17.611
-21.0505	-18.9969
-23.3381	-17.8107
-22.6227	-17.1721
-22.1011	-15.9518
-22.454	-17.4122
-22.7211	-16.5363
-20.6717	-18.4631
-23.6635	-18.0708
-23.5709	-21.2626
-24.5602	-17.6935
-25.112	-18.7085
-23.6498	-17.102
-26.3685	-20.2002
-24.7478	-18.7344
-24.2803	-20.2612
-24.1302	-19.064
-23.186	-19.7214
-22.7569	-17.7603
-12.8535	-11.4949
-16.1461	-15.8904
-18.0928	-11.1772
-14.8447	-6.87592
-9.65426	-8.29175
-12.4918	-15.3541
-15.3966	-10.0971
-9.09318	-7.49674
-8.11089	-4.74124
-10.561	-1.92185
-18.6433	-0.245891
-24.4844	-1.24914
-30.3905	-6.87288
-29.7037	-9.78371
-32.9946	-9.27483
-31.2789	-12.2467
-29.7504	-10.203
-25.7871	-8.92698
-10.9288	-10.0476
-11.6746	-11.1791
-11.3235	-13.7399
-11.0292	-13.8862
-11.1705	-13.1951
-10.7162	-14.1414
-9.58086	-12.4813
-9.15899	-10.2216
-5.8618	-9.00821
-2.63159	-10.9262
-2.44114	-10.4715
-2.16319	-12.2298
-0.990225	-10.6289
-1.59911	-10.6153
-1.11908	-8.06938
-0.967727	-7.46794
-0.1698	-8.19376
-1.48322	-4.91918
-15.4027	-3.99526
-14.9983	-3.59277
-18.6958	-1.29938
-17.7547	-8.05744
-16.1118	-12.3297
-14.8603	-15.5725
-14.8113	-18.4986
-13.2166	-20.5509
-12.7781	-22.9078
-12.6052	-23.1268
-12.5162	-23.8914
-10.9502	-23.9571
-10.0703	-22.5024
-7.429	-23.015
-6.057	-19.5596
-3.89003	-16.3019
-6.30357	-11.107
-8.74197	-14.2502
-14.6432	-17.3716
-15.1015	-13.3552
-10.9611	-8.72216
-7.80621	-16.1525
-9.46585	-15.506
-10.293	-16.217
-10.1019	-15.6895
-9.18072	-15.2666
-8.10227	-15.2555
-6.25951	-15.7337
-5.23756	-14.9396
-5.35153	-15.3703
-4.33053	-13.3829
-3.58532	-11.3591
-4.20152	-8.62727
-2.00868	-9.3865
-2.96294	-6.99424
-4.58632	-6.29089
-8.66536	-4.74441
-14.3387	-9.88492
-18.2133	-13.9932
-32.1667	-19.6111
-27.4641	-14.1134
-23.2848	-4.24715
-11.8274	-12.2003
-13.5682	-11.6586
-11.8152	-13.3495
-10.1141	-18.54
-7.79384	-20.0686
-6.60288	-16.9965
-4.85724	-10.0664
-5.13246	-12.5767
-5.11492	-13.8814
-5.79008	-14.7173
-5.92607	-15.4608
-6.73463	-15.4129
-7.50614	-15.8063
-7.29039	-19.6908
-8.29827	-26.347
-8.62908	-26.3311
-10.6682	-25.2138
-11.0879	-23.4644
-11.4556	-20.5522
-12.649	-16.5389
-14.052	-12.354
-14.6795	-9.75958
-15.682	-6.35073
-16.3152	-1.08293
-17.5066	-0.409735
-20.5507	4.38762
-20.9898	5.16132
-21.3374	4.11867
-21.9689	4.77898
-21.8993	4.65721
-22.1246	2.87889
-20.9025	1.45673
-20.786	-0.420375
-17.2145	-6.44119
-15.4396	-13.2282
-16.3918	-17.3424
-17.5015	-19.9371
-16.4358	-23.1558
-14.7441	-25.3981
-9.7908	-28.3361
-5.35373	-25.2415
-6.15866	-15.5957
-5.76955	-12.8289
-4.97698	-10.5139
-4.15396	-10.1328
-4.54477	-6.31632
-4.86633	-6.23342
-4.34482	-4.25491
-5.8956	-1.99728
-8.48378	-5.6129
-11.8238	-9.50373
-14.2211	-11.5821
-16.2896	-16.3078
-20.494	-17.5988
-20.4275	-19.6377
-21.5253	-20.5689
-19.8949	-17.3745
-16.6276	-11.8448
-9.22852	-28.4182
-11.0369	-30.4042
-14.922	-31.1505
-13.2282	-33.8777
-16.2295	-30.5605
-15.1454	-30.8645
-12.9162	-31.1912
-7.37591	-28.8026
-8.89338	-15.4176
-13.176	-26.4552
-15.9366	-27.9341
-15.3597	-22.0381
-17.7897	-20.3751
-19.5815	-21.0767
-30.1314	-12.6304
-30.541	-8.42231
-31.4032	-6.70592
-28.3093	-10.4282
-33.5677	-12.7857
-28.3555	-6.46327
-27.2015	-6.35271
-28.8222	-17.4442
-24.7304	-13.3932
-21.9701	-11.6424
-24.3662	-16.9509
-26.4525	-20.0556
-24.3416	-16.6201
-21.5843	-18.0107
-13.4481	-11.8931
-5.77096	-13.1063
-8.3494	-12.0832
-7.5143	-12.3657
-9.65598	-10.6291
-10.4273	-6.67874
-9.99882	-0.802205
-15.3771	3.4445
-26.4084	-3.42045
-29.3921	-5.97508
-31.7568	-8.5099
-35.778	-3.9612
-36.0325	-6.62281
-34.5994	-5.65213
-34.471	-11.7918
-34.9647	-11.4497
-30.9356	-10.6703
-22.7081	-1.00715
-15.806	-1.24543
-14.3189	-0.887026
-14.3868	-2.44853
-15.619	-1.81383
-16.0042	-2.56632
-12.3261	-8.06656
-10.9912	-10.2513
-10.122	-11.8409
-7.15304	-15.4385
-4.1948	-7.55575
-5.31854	-7.92387
-3.15131	-7.83236
-4.15195	-6.60839
-4.96173	-6.89863
-5.34173	-3.85176
-5.33916	-3.89369
-6.63749	-3.2102
-11.7222	-8.4288
-11.5652	-10.9193
-8.74854	-19.5603
-8.18115	-17.9598
-7.93251	-18.1532
-8.98898	-16.1612
-9.048	-12.0104
-8.25175	-10.4453
-8.85769	-8.3939
-11.6358	-14.4084
-9.81488	-19.8508
-10.9891	-28.1276
-9.52509	-18.0443
-10.096	-23.2223
-6.76874	-20.6871
-6.92392	-19.3238
-8.07859	-18.5272
-7.1297	-19.6194
-8.92023	-14.9326
-9.11639	-16.9221
-11.3441	-11.8687
-8.23907	-11.9331
-12.6719	-9.58636
-22.0297	-8.14433
-27.7584	-15.5775
-29.852	-10.7572
-32.2266	-12.0508
-34.7242	-7.50196
-35.1868	-3.32922
-34.7956	-6.02466
-32.8545	-10.5227
-32.7555	-5.62321
-32.738	-6.04142
-34.4295	-7.87679
-32.3249	-10.9937
-29.8969	-10.2767
-29.8806	-8.99794
-30.0874	-9.133
-25.2621	-15.6304
-25.0511	-10.4967
-23.5037	-12.8722
-23.3666	-17.4414
-22.4697	-18.2921
-23.1439	-15.9501
-22.1357	-14.8349
-22.64	-16.7902
-23.8836	-17.3539
-19.7407	-16.7726
-21.0199	-12.8296
-19.993	-16.2273
-24.6994	-19.1897
-23.6999	-15.8081
-23.8616	-17.3848
-24.1906	-17.2298
-25.9364	-22.6104
-24.5907	-21.2369
-25.8465	-22.6619
-25.2223	-18.4426
-24.2568	-22.2147
-24.7787	-20.1103
-26.0848	-18.9199
-26.0535	-21.7265
-25.211	-20.7708
-26.0996	-21.8904
-24.1515	-23.2495
-26.581	-18.6229
-25.4496	-19.3046
-22.0059	-19.3031
-24.451	-23.1916
-24.6185	-21.4666
-17.2648	-22.2342
-22.5855	-18.6491
-20.9753	-11.8107
-20.5491	-11.5399
-19.771	-15.6939
-18.4644	-15.851
-22.2439	-14.8389
-15.7905	7.63548
-17.9568	10.1972
-16.1653	8.48913
-18.0071	10.8193
-16.5554	8.48538
-15.8074	8.3604
-15.3814	8.97181
-14.8392	9.74104
-14.4839	11.074
-13.3509	10.1996
-13.3241	0.0691061
-16.1472	-5.92117
-17.0508	-14.0534
-18.2856	-13.4022
-20.4926	-10.9838
-19.6512	-13.2419
-34.3302	-14.1521
-29.9475	-8.57553
-18.6453	3.65796
-18.9028	1.27378
-17.211	-5.05991
-16.3771	-7.8685
-16.5489	-11.8949
-15.7535	-15.1802
-15.9289	-17.0693
-16.7522	-16.8372
-16.2715	-15.8982
-16.4588	-12.9107
-15.4781	-8.7118
-13.8785	-4.30984
-12.6306	-0.693529
-10.4349	-1.57883
-8.77326	-7.41814
-4.95234	-11.9245
-4.34437	-12.4124
-5.14557	-8.50275
-4.36284	-9.42438
-6.39072	-5.76476
-11.599	0.274977
-14.9147	1.5483
-16.5451	-5.0472
-15.3682	-11.6884
-13.9093	-13.7683
-14.9697	-13.6839
-15.956	-18.5034
-15.261	-19.6692
-14.5567	-21.147
-12.7924	-21.5552
-11.8063	-19.1433
-10.5265	-17.6193
-7.13956	-15.2417
-7.61007	-11.8797
-12.5636	-6.53528
-20.5258	-7.32691
-26.3339	-15.4179
-28.2203	-16.9097
-29.7341	-13.26
-29.9413	-16.7318
-26.9835	-18.2786
-24.3226	-19.2549
-19.8933	-19.2239
-7.79048	-23.2184
-8.51593	-25.9924
-9.3933	-28.2107
-10.1692	-31.798
-11.2751	-31.5616
-9.82014	-30.5384
-8.8953	-25.7333
-5.89176	-17.0847
-7.34184	-11.3376
-4.14574	-9.98082
-5.89008	-9.10445
-6.04836	-8.71046
-5.79645	-13.1313
-5.83676	-14.4424
-6.59433	-15.2069
-7.89388	-13.7429
-7.03993	-16.9912
-7.17268	-17.4369
-7.89111	-17.6157
-10.9999	-14.428
-14.7387	-18.0852
-15.7589	-15.0233
-15.2567	-11.3267
-13.939	-8.69697
-9.65771	-7.1543
-6.15248	-9.04363
-4.11046	-11.1029
-2.21381	-11.0783
-2.41441	-8.9795
-2.00301	-9.06364
-1.46647	-6.04142
-5.85443	-4.49186
-19.4597	0.530552
-19.3379	4.0306
-24.4366	1.2992
-26.6551	-0.939836
-26.212	-8.95221
-22.7591	-7.33268
-18.1398	-4.74513
-8.95311	-2.27941
-7.60937	-17.852
-9.05001	-20.8339
-10.0129	-24.7164
-9.90544	-27.0647
-11.2121	-26.5389
-11.9672	-25.9884
-13.8528	-24.1459
-14.6586	-23.6772
-14.3848	-23.9856
-12.5067	-25.4874
-12.2728	-27.3355
-13.0085	-28.3436
-13.7173	-28.7545
-12.7336	-30.5388
-10.6231	-33.5369
-10.3604	-32.0677
-11.9286	-24.7013
-16.0106	-12.7413
-20.2355	-3.51993
-26.7371	1.77165
-28.6316	-4.21155
-33.7586	-8.65327
-30.3525	-10.693
-32.6063	-14.7709
-34.3931	-12.5889
-32.8507	-9.55368
-30.6151	-10.9551
-23.5685	-19.1994
-18.3198	-21.7814
-11.3966	-21.8439
-8.025	-26.7133
-6.1594	-33.2649
-8.42464	-30.4674
-7.45006	-26.5827
-8.80342	-20.2427
-7.94896	-21.2358
-7.3568	-20.3243
-6.62344	-19.2884
-6.54763	-16.4193
-5.78864	-13.7926
-4.9407	-10.6187
-4.25319	-7.59625
-5.17161	-7.08456
-6.74448	-7.63729
-11.7958	-9.28929
-19.5035	-17.0761
-24.8474	-14.3221
-31.6074	-21.1277
-20.3447	-18.803
-19.8057	-12.9169
-20.0291	-14.2385
-12.2263	-14.8615
-14.5903	-4.78028
-13.1769	-13.4184
-16.4276	-13.5424
-15.4975	-16.4662
-14.9239	-18.3434
-15.2432	-18.9499
-15.1087	-18.8082
-15.4211	-16.698
-14.7152	-16.1504
-13.5174	-16.9778
-12.557	-16.946
-11.6217	-16.4364
-10.7798	-17.4514
-6.56642	-16.893
-4.91991	-11.4711
-6.38369	-9.73217
-4.89257	-13.4565
-6.20163	-10.846
-4.52393	-13.1412
-5.30203	-13.1703
-7.8823	-11.9244
-11.3094	-4.59366
-9.71047	1.66781
-10.9361	2.60046
-10.9215	1.44097
-12.287	1.65613
-12.5037	1.95653
-11.4623	3.63182
-10.0077	-1.24968
-10.3169	-2.69304
-14.1708	-3.01808
-20.5367	-2.53742
-27.22	-4.88967
-25.383	-5.03277
-24.8707	-6.36392
-25.0158	-6.04584
-25.334	-5.97144
-25.2344	-6.91672
-28.136	-9.01698
-26.4804	-8.29694
-26.5911	-6.55313
-27.6597	-9.36492
-24.1688	-9.40984
-22.9834	-7.43852
-21.6695	-8.65227
-20.8199	-7.88433
-20.1339	-7.67302
-16.4545	-13.0701
-20.0881	-15.9726
-17.0523	-16.7233
-18.5044	-17.7442
-19.227	-17.2136
-20.8472	-17.6024
-20.0326	-18.2877
-18.7123	-19.9687
-18.4821	-13.5723
-19.1108	-11.6335
-22.834	-18.2426
-21.8166	-20.1662
-19.7461	-17.0942
-20.624	-17.3425
-23.2241	-16.9199
-22.9368	-20.2668
-23.3119	-17.8193
-24.6636	-20.0399
-23.2525	-23.1323
-24.7007	-20.2766
-20.8642	-19.418
-24.1239	-15.3937
-28.0173	-13.1548
-29.2888	-12.8039
-28.8496	-11.4038
-31.4533	-11.7393
-33.675	-11.2446
-32.6564	-14.9845
-32.0862	-10.5784
-27.438	-5.34345
-20.1709	1.31121
-18.517	0.634603
-16.1832	-1.68514
-17.8141	0.820511
-17.8092	4.49399
-15.2575	2.24507
-13.6449	6.19278
-16.1398	4.81416
-19.8425	5.21505
-26.7571	-1.38701
-29.2781	-4.16869
-30.7167	-8.99998
-31.7985	-9.52856
-33.6516	-10.3648
-32.241	-15.5885
-29.9995	-15.3808
-32.5431	-21.6943
-26.3426	-17.4493
-18.5265	-11.8971
-14.8099	-19.1074
-12.1116	-26.5929
-14.4625	-28.8318
-17.1028	-29.0678
-19.8076	-28.4543
-20.0874	-30.1803
-20.9217	-29.6866
-21.5678	-29.9494
-20.6835	-30.7484
-20.6373	-30.1582
-20.8424	-29.9546
-21.358	-30.0738
-21.0421	-27.2087
-21.2467	-26.3746
-21.3005	-23.6587
-20.0533	-19.6434
-18.1131	-17.6561
-12.8411	-17.0924
-12.1064	-16.6093
-10.0375	-15.0136
-6.97748	-13.2923
-6.56732	-14.3941
-4.99255	-15.9796
-4.28935	-13.87
-4.94571	-13.3931
-4.85858	-9.90908
-5.37357	-9.20297
-9.80618	-8.99195
-24.1673	-13.7209
-23.9951	-8.26315
-31.4365	-0.0563981
-34.3979	-6.09592
-33.3733	-6.22149
-34.1112	-7.67089
-35.4028	-10.3221
-34.8999	-6.46901
-31.6637	-13.661
-22.1005	-15.5127
-9.61545	-14.985
-19.4015	-16.53
-21.4608	-17.6053
-23.6348	-19.9881
-22.705	-15.9498
-22.2631	-16.4516
-23.0117	-17.7587
-25.0097	-17.7431
-22.9438	-17.1725
-23.2657	-22.5686
-12.8141	-15.5895
-18.1048	-14.6848
-6.54875	-14.1626
-3.71621	-18.1988
-3.94735	-16.6469
-3.65581	-16.7073
-3.1685	-16.4361
-4.30209	-17.7508
-6.59842	-15.5488
-6.99612	-13.2803
-6.94294	-13.9328
-6.32787	-14.5174
-5.62354	-14.3002
-5.68839	-13.5658
-6.67083	-12.8115
-5.66438	-12.065
-4.9582	-13.9387
-5.72508	-14.3531
-6.25594	-14.5815
-5.76051	-17.249
-6.87943	-17.0853
-9.18191	-15.1237
-12.2795	-20.1054
-15.155	-19.6149
-17.1113	-16.5118
-18.1324	-15.5744
-18.6998	-15.1388
-19.5643	-15.4481
-19.8287	-14.971
-19.6548	-14.7079
-19.7026	-15.2808
-18.6549	-15.8086
-17.3283	-16.5415
-15.5776	-18.703
-13.8121	-18.6361
-8.62926	-21.2778
-8.10901	-17.438
-7.51457	-14.3413
-7.26143	-11.7974
-9.22447	-10.5224
-15.8546	-6.99889
-22.761	-11.6322
-27.4234	-11.0232
-29.8456	-6.39498
-27.1683	-13.0751
-28.9714	-10.7516
-27.944	-12.4062
-30.8267	-17.9216
-29.4561	-16.1338
-31.3257	-14.3542
-26.9722	-11.2349
-16.8894	-13.6926
-21.1111	-19.8757
-24.7484	-18.8285
-23.4535	-19.6357
-24.5272	-19.0655
-24.5086	-15.6961
-23.9364	-18.822
-23.3866	-17.239
-22.3478	-22.0435
-25.2131	-17.2021
-21.0472	-13.4826
-17.8124	-6.5918
-24.8502	-10.141
-18.7892	-5.79563
-14.0403	0.705189
-12.7601	-11.4726
-7.89293	-15.15
-3.43357	-13.9332
-1.30444	-10.9389
1.43772	-13.6004
1.14872	-16.9527
-0.862318	-12.9874
-0.831623	-12.6149
-1.80297	-12.8651
-3.24838	-9.59684
-5.24351	-11.6071
-7.36696	-10.2841
-10.9158	-10.6866
-15.1013	-6.75311
-17.2248	-3.91331
-18.5229	-1.81356
-19.1512	1.23528
-18.2337	1.00369
-15.0847	3.3315
-7.07206	-1.9994
-5.96919	-5.49369
-5.8891	-7.65728
-7.45374	-3.34291
-9.29518	-5.40572
-7.36193	-6.65034
-7.15738	-8.62091
-8.194	-4.53397
-8.95777	-5.42623
-12.5431	-6.27361
-20.0913	-14.4829
-21.4289	-11.8608
-17.6928	-1.5644
-20.0282	5.16755
-18.3107	5.10845
-19.7642	5.84387
-19.9866	8.10937
-19.5837	8.22791
-19.3843	7.58761
-19.2034	8.20343
-19.4078	8.41554
-19.212	8.5207
-18.7721	6.64805
-18.353	5.44843
-17.7453	1.60074
-17.9095	-1.14682
-17.2948	-4.37367
-17.1055	-7.70139
-16.6719	-12.0253
-15.7531	-13.4753
-13.6388	-16.8346
-14.2297	-19.2307
-11.2735	-23.7029
-11.2536	-20.3554
-13.2414	-21.8603
-9.70893	-21.7624
-8.3589	-21.9068
-10.6405	-20.0849
-8.76081	-14.3002
-11.2178	-14.0823
-17.5385	-10.4737
-24.4238	-14.1389
-27.7512	-12.1551
-29.8391	-17.5328
-30.0114	-13.7997
-30.6911	-14.0305
-30.4336	-13.1805
-30.6066	-11.1035
-30.3464	-11.6968
-30.9869	-14.6
-27.8656	-12.0712
-20.8101	-11.9449
-28.3412	-9.32116
-25.9503	-11.8592
-27.709	-11.849
-29.9139	-14.5351
-27.7058	-18.4425
-25.1674	-17.4215
-22.5369	-14.9597
-23.4009	-17.8439
-20.3682	-19.4739
-23.0112	-16.9299
-22.894	-19.25
-24.162	-16.0094
-23.9355	-17.257
-23.7332	-17.5238
-26.9374	-18.3087
-26.536	-18.4798
-29.383	-12.2069
-31.9961	-16.2634
-30.0766	-17.3765
-31.2517	-12.127
-34.0039	-14.1578
-32.4254	-14.0514
-21.8286	-6.2469
-20.8588	-10.0813
-18.1123	-12.786
-18.6683	-10.1498
-18.64	-8.92259
-18.7305	-7.98843
-19.5574	-6.67276
-18.7585	-6.35254
-18.1798	-6.47411
-17.3577	-7.57031
-17.8599	-9.99024
-19.2127	-12.1709
-20.113	-13.1763
-19.9876	-15.3327
-18.1547	-17.0888
-15.4253	-19.415
-12.5266	-19.8515
-9.28238	-20.2016
-6.39107	-20.5545
-5.39605	-19.3815
-4.75702	-19.3283
-5.4863	-17.3415
-4.06983	-17.0005
-3.17166	-15.7007
-6.0903	-15.6495
-13.687	-17.9808
-14.6891	-23.031
-15.3691	-25.3358
-12.6737	-26.9596
-10.0193	-23.4369
-11.2883	-26.1821
-12.9437	-28.6171
-16.1403	-27.9258
-16.8814	-28.3758
-16.5871	-27.8728
-15.191	-28.2992
-12.7099	-29.989
-9.50783	-30.0737
-8.33192	-20.2302
-6.7613	-16.1555
-5.47125	-14.5533
-3.62967	-13.1077
-2.65427	-10.7449
-2.47708	-9.22677
-3.16633	-9.52702
-10.4026	-6.17321
-21.4255	-14.5306
-24.3885	-10.116
-29.1896	-11.4631
-32.0299	-11.9569
-28.8078	-8.16054
-28.7646	-13.4605
-25.0218	-14.8067
-20.8107	-18.5435
-18.5256	-16.8469
-15.0642	-17.2851
-12.7248	-28.679
-11.2667	-31.1347
-16.7308	-29.6863
-16.6538	-31.4764
-17.0921	-30.4486
-17.1881	-29.5747
-15.9402	-28.8508
-15.3871	-28.0619
-13.3718	-27.1253
-8.39177	-25.1872
-5.86966	-17.8996
-10.5802	-17.7232
-13.2978	-20.5081
-16.2583	-25.1674
-17.7366	-24.4513
-21.3742	-20.8694
-22.1869	-13.6279
-11.9182	-22.7985
-11.1954	-26.9746
-14.9006	-27.8443
-13.0205	-32.7524
-15.8631	-28.7242
-13.813	-28.6215
-10.5857	-30.2245
-10.8804	-23.868
-5.67339	-15.7723
-5.49026	-12.343
-7.64718	-14.1269
-6.86763	-12.9838
-17.878	-6.58578
-21.1486	-4.52292
-23.3571	-0.62857
-26.0252	6.03013
-21.7133	2.34682
-16.8969	-0.744971
-11.5267	-6.07114
-9.3781	-13.3044
-9.20674	-16.6379
-9.72191	-17.2979
-10.401	-17.549
-10.5313	-19.0253
-10.0072	-20.757
-11.2127	-16.3053
-13.3258	-17.8422
-12.413	-20.7128
-11.4673	-23.0612
-11.4789	-24.6788
-11.0921	-25.6712
-8.89538	-30.8238
-9.66619	-29.2092
-9.99108	-29.3981
-9.11766	-25.2754
-10.3706	-11.2717
-9.23248	-10.951
-6.79324	-10.7989
-7.41246	-9.4109
-5.4036	-4.58993
-4.49888	-5.20501
-5.74716	-9.82296
-10.8568	-11.9423
-22.1792	-14.0305
-27.9071	-20.6355
-22.0714	-22.932
-16.4832	-16.9707
-6.06966	-14.5548
-9.55098	-20.3539
-7.75839	-22.9129
-8.85671	-22.4037
-6.75369	-21.9875
-6.04029	-19.1773
-5.62023	-12.9106
-9.33647	-5.32696
-10.8835	-12.5511
-15.0472	-16.3196
-19.2113	-20.4535
-24.3123	-17.6416
-26.4619	-24.7108
-22.0938	-17.9212
-12.2515	-12.4701
-12.1545	-21.9518
-8.57834	-28.871
-8.01149	-29.8776
-8.09696	-29.2425
-8.0685	-26.715
-7.5521	-25.9375
-7.93784	-24.2671
-7.56369	-23.4663
-7.26709	-22.7991
-6.96812	-22.1252
-9.44381	-19.0703
-9.89769	-16.9835
-9.50582	-15.8465
-8.14929	-11.9033
-6.6796	-9.92087
-14.292	-6.47683
-13.9572	-8.24437
-12.5244	-4.91427
-17.9555	-4.05697
-16.515	-0.223506
-15.818	-2.38065
-15.8592	-4.2893
-16.4156	5.26213
-16.3314	6.45362
-17.2705	7.56448
-15.6053	5.42743
-16.1957	6.32798
-16.8468	5.15968
-17.4531	5.75925
-15.6885	3.39981
-15.5585	2.11289
-17.5337	0.816702
-18.3625	-2.60253
-17.8846	-8.25834
-10.7108	-5.24676
-12.795	-11.4933
-9.96442	-18.196
-11.0239	-21.9621
-12.407	-21.5474
-13.0195	-22.9237
-10.5248	-24.7348
-8.26865	-26.5064
-11.9338	-29.2336
-10.8974	-24.2795
-14.6539	-24.0802
-14.2683	-26.821
-16.1497	-24.0836
-21.2617	-29.3467
-20.0406	-26.3274
-20.9939	-21.4127
-21.2911	-22.6818
-21.1355	-18.6092
-22.5621	-20.759
-21.8744	-20.0028
-22.9758	-21.8132
-23.6688	-19.9715
-23.104	-17.942
-24.9057	-20.8528
-25.5975	-18.6755
-22.0445	-22.0332
-23.2704	-18.0051
-28.9925	-14.578
-23.9699	-18.4174
-22.5055	-19.638
-23.0586	-21.3585
-23.9228	-16.3578
-27.6145	-16.281
-25.4278	-16.9986
-24.2231	-18.096
-21.9261	-18.5987
-19.0164	-16.1734
-21.7938	-19.9979
-20.1085	-16.083
-17.6685	-12.0859
-11.5543	-7.26321
-6.63658	-18.6819
-11.9502	-18.1032
-10.4657	-20.6326
-15.0047	-14.9771
-13.1373	-25.1568
-12.1166	-30.4411
-13.4209	-29.6315
-13.2616	-29.2038
-10.2373	-29.1249
-8.70815	-28.1866
-7.29266	-22.7731
-6.51593	-16.3988
-11.6971	-3.46081
-19.3147	-7.26457
-24.7786	-10.9623
-29.4779	-11.518
-31.7568	-16.083
-32.2421	-18.1127
-30.604	-16.3244
-27.7818	-15.6215
-13.9543	-15.7978
-10.4923	-22.706
-9.53025	-26.5053
-11.3199	-27.5002
-10.0833	-29.8826
-7.74534	-32.511
-7.02793	-30.9867
-9.34988	-23.939
-10.6378	-21.8938
-8.71542	-20.9104
-7.77959	-21.8549
-6.38102	-21.1078
-5.62638	-17.9796
-7.60013	-10.9089
-8.63192	-9.48001
-10.6756	-14.5559
-21.4076	-18.0072
-25.6653	-14.7289
-11.1594	-8.95663
-9.21881	-16.6434
-8.04052	-21.8276
-7.10432	-24.4773
-6.65307	-26.099
-7.55323	-24.4667
-7.52766	-24.7371
-8.03364	-24.3041
-6.35793	-26.9419
-6.41827	-27.2624
-6.20168	-28.7649
-11.6494	-25.6368
-10.3276	-29.7143
-9.47793	-31.0446
-9.7411	-31.6221
-10.5816	-32.0026
-8.67865	-35.6326
-11.1471	-29.9334
-11.0819	-26.7353
-9.76692	-23.2439
-6.74245	-19.7306
-10.5264	-9.57364
-14.9022	-1.12795
-21.1565	-3.84854
-25.4355	-5.55561
-27.8305	-6.87458
-31.7198	-14.4651
-30.0596	-18.0438
-27.652	-14.648
-24.2758	-10.7252
-9.56495	-12.8239
-3.67986	-18.2166
-5.62716	-15.3232
-5.6141	-16.869
-4.61434	-21.2735
-5.59317	-20.8025
-10.3326	-12.9968
-11.7531	-7.54065
-9.18274	-10.1506
-9.26893	-7.69371
-11.4669	-9.00539
-16.7753	-15.6807
-16.9273	-12.6113
-18.3338	-9.95514
-19.2593	-16.7223
-22.6424	-20.6367
-23.9416	-18.8281
-22.126	-23.7179
-22.7216	-17.7515
-15.496	-14.0935
-11.8151	-21.1964
-12.4196	-20.6725
-12.6142	-21.1291
-13.229	-20.7306
-12.9231	-19.3412
-14.1821	-15.723
-13.5467	-11.8803
-12.6462	-6.93085
-12.8337	-5.70936
-20.9183	-2.91949
-15.5389	-1.709
-14.2812	-10.3695
-21.3439	-15.465
-26.7926	-15.6318
-28.0077	-6.94875
-27.3908	-8.65134
-30.0849	-3.10941
-18.2001	-5.92365
-11.7753	-15.431
-9.58704	-16.3673
-9.59584	-17.2261
-10.3593	-20.0845
-9.52719	-23.7181
-10.1998	-25.4404
-10.6425	-25.9193
-9.27778	-26.8082
-8.88174	-23.4707
-8.05592	-20.9615
-6.5257	-12.3773
-8.40139	-8.85638
-10.7529	-12.0148
-17.6734	-20.8777
-18.3656	-20.4045
-18.2831	-17.2308
-20.6063	-24.3454
-19.0624	-25.4691
-16.3163	-11.4438
-12.8877	-11.6374
-9.67464	-19.2808
-11.1875	-18.2369
-5.39978	-6.32777
-9.4762	-18.1113
-11.644	-19.8715
-13.6152	-21.1006
-14.099	-18.7662
-13.5027	-20.5574
-13.7167	-19.565
-15.1683	-19.1332
-13.87	-21.1729
-14.737	-19.693
-13.9389	-20.0035
-12.4923	-19.9911
-9.19291	-21.3083
-8.76129	-15.5294
-7.38591	-15.7339
-7.90923	-14.9065
-8.14461	-14.0947
-7.98649	-16.38
-6.47401	-16.9569
-10.5955	-13.8373
-13.3972	-6.99866
-14.8069	-1.21416
-15.1604	0.29085
-13.5228	0.34228
-11.9268	0.164076
-10.966	-1.64403
-12.5319	1.62985
-13.1799	2.08071
-12.6788	0.704695
-8.30346	-2.79121
-13.8629	-2.88102
-19.5729	-4.23976
-26.0405	-3.95429
-30.9439	-7.12692
-30.7114	-6.75667
-33.0182	-7.06764
-33.1418	-7.23299
-31.8097	-5.23948
-33.2039	-7.83192
-32.1897	-9.83031
-34.0222	-10.6185
-33.3744	-11.683
-31.317	-7.98863
-29.9526	-6.47383
-26.9003	-5.77409
-31.7462	-10.2234
-28.4	-11.8504
-26.809	-13.3395
-30.579	-12.0936
-26.7342	-11.3887
-25.4034	-17.9702
-27.2237	-19.8436
-23.9994	-14.254
-24.5563	-19.4114
-23.5993	-19.9451
-23.6135	-19.72
-23.5816	-19.5532
-24.8022	-19.9883
-14.2073	-18.9272
-9.46202	-27.5057
-7.23935	-27.0699
-4.1984	-21.8876
-4.74224	-17.0724
-4.13665	-16.3136
-4.27749	-15.1175
-3.28201	-12.7887
-3.27628	-10.1367
-1.76532	-9.76189
-7.92777	-11.6911
-30.3276	-22.3649
-22.0634	-14.3045
-6.77018	-31.8161
-7.26013	-23.6534
-8.70398	-19.3107
-6.41511	-28.729
-7.07239	-31.2676
-7.33989	-32.0114
-8.90466	-30.6484
-6.35103	-33.3969
-7.4173	-30.2675
-6.12379	-27.2444
-4.6827	-25.1463
-5.66362	-17.56
-6.29315	-13.7614
-7.81416	-13.2622
-9.4137	-11.9279
-10.3926	-13.0647
-9.08913	-19.8403
-6.50533	-24.462
-7.82248	-25.5906
-7.10727	-27.5011
-8.30584	-25.6147
-7.99535	-25.1647
-7.51531	-22.8439
-7.16106	-21.5516
-6.08361	-21.35
-6.7492	-20.3292
-6.3445	-18.6974
-5.09089	-17.993
-6.35941	-17.6494
-6.86987	-17.5524
-7.05211	-18.2046
-7.07391	-18.4342
-7.01787	-17.3229
-7.22168	-18.7499
-8.12931	-18.9251
-8.20272	-20.785
-8.28654	-23.3302
-8.67566	-24.4595
-7.29347	-27.2841
-8.26398	-28.3318
-8.16994	-30.4386
-8.4844	-29.8466
-8.44672	-29.3309
-8.8267	-29.0231
-4.95238	-29.7969
-8.59296	-16.9159
-8.15193	-15.3259
-9.59869	-12.6721
-8.46441	-13.0702
-7.94088	-11.2014
-6.99145	-12.106
-5.51297	-9.02782
-3.74762	-8.4605
-2.41019	-6.66263
-2.88606	-5.86571
-11.9936	-6.81899
-22.4932	-16.0455
-15.1731	-16.3353
-8.03851	-23.5424
-9.22632	-22.9459
-15.5283	-5.24977
-27.1269	1.48005
-21.3614	4.53526
-11.148	-17.561
-9.79082	-25.9938
-10.0855	-28.7432
-11.3116	-28.4107
-9.4808	-31.1939
-8.32843	-32.1015
-7.38452	-30.7444
-5.1748	-27.9875
-7.15688	-18.5527
-8.90556	-17.697
-9.10719	-16.9933
-10.3588	-17.2223
-8.00865	-25.0433
-8.95271	-30.7047
-9.35135	-34.2921
-9.86406	-33.3319
-11.6488	-28.2565
-10.532	-24.2215
-7.12964	-19.1749
-4.25343	-12.6883
-3.1802	-11.0652
-8.4443	-12.3532
-12.705	-10.4928
-16.1746	-13.3077
-27.5888	-18.7583
-28.0788	-21.7836
-24.4888	-11.5276
-10.6825	-8.28476
-13.9404	-14.8017
-12.1853	-18.4453
-12.1552	-20.6525
-10.2008	-20.3161
-10.284	-10.0739
-5.54216	-6.64818
-6.42088	-8.15163
-7.21505	-6.93142
-6.31551	-6.55649
-4.97115	-4.65688
-4.44058	-6.26416
-6.2881	-3.94519
-7.55244	-5.24798
-13.4208	-2.82799
-24.3033	-0.408708
-20.3592	-4.23024
-23.2149	-7.97765
-22.8609	9.38602
-18.6851	8.60176
-17.4833	4.75692
-8.54912	-7.08152
-13.9474	-16.511
-12.6963	-21.2765
-11.6264	-23.5526
-2.59924	-17.669
-3.99757	-19.9328
-3.71278	-16.2581
-4.54456	-22.3519
-2.37376	-18.3802
0.398122	-19.7471
-0.687657	-15.521
1.11879	-22.3845
-1.42814	-16.1384
-2.97281	-13.5052
-5.26696	-11.8307
-11.27	-12.4511
-18.1928	-13.3881
-21.5318	-16.1993
-23.0778	-20.3309
-21.9336	-17.6907
-21.7232	-17.6224
-25.1765	-19.6762
-22.7313	-20.6811
-23.5241	-19.7895
-26.5383	-20.0707
-22.11	-30.0314
-19.954	-27.3243
-19.7045	-22.9415
-20.7031	-21.4061
-24.587	-19.1583
-20.7381	-19.2656
-18.5509	-20.033
-20.7662	-19.7913
-23.3359	-20.6953
-22.897	-20.8931
-23.7981	-21.9438
-24.9207	-18.1147
-19.8996	-17.8141
-24.8951	-12.9231
-24.0725	-21.0634
-22.5786	-20.6437
-24.9698	-17.5392
-25.5717	-19.3292
-24.8936	-17.4708
-24.4882	-15.7851
-24.3587	-19.6764
-24.6963	-18.2145
-22.0949	-18.8849
-20.0251	-14.3974
-18.4695	-12.9294
-9.80038	-15.4791
-16.476	-19.6669
-12.4427	-27.311
-11.5634	-30.2718
-12.1856	-31.4232
-12.7837	-32.1715
-14.5376	-30.719
-13.713	-29.5088
-11.7312	-27.3402
-9.64587	-23.7891
-7.15382	-22.2752
-6.97004	-19.7254
-6.59504	-17.985
-6.72239	-14.7872
-6.49358	-14.1248
-6.00285	-13.1618
-7.02359	-12.6766
-7.76165	-10.3108
-10.0934	-9.18581
-10.8995	-9.43939
-12.5963	-9.41609
-13.8776	-9.13485
-15.0807	-9.26068
-16.8837	-7.9908
-18.8882	-5.13678
-20.274	-2.27264
-21.62	0.224581
-21.5283	0.972067
-21.0815	0.449497
-20.8209	-1.86049
-20.3958	-3.57825
-19.6679	-6.37325
-17.8769	-12.0487
-15.8021	-16.7982
-13.6329	-19.6767
-13.7849	-16.7988
-11.1408	-15.7885
-10.4211	-13.3524
-8.01603	-18.5107
-5.21774	-10.3327
-4.67123	-11.4181
-5.4006	-8.67808
-5.99009	-10.6118
-4.56687	-14.4179
-6.82864	-14.6326
-12.022	-20.666
-7.8237	-28.8552
-9.7669	-28.716
-10.0183	-28.9311
-10.546	-29.5478
-11.2928	-27.6629
-11.2818	-27.9787
-12.5075	-25.729
-12.7142	-24.3167
-12.2049	-24.296
-11.5132	-22.726
-9.67939	-19.8352
-8.62796	-14.7452
-9.75414	-8.27692
-9.87535	-5.48581
-18.7929	1.38972
-25.9649	-2.69906
-29.3479	-5.11031
-32.195	-1.04643
-33.2866	-4.55876
-32.3807	-12.6112
-34.3893	-12.6094
-27.9512	-7.05573
-28.1262	-15.6035
-20.2886	-17.8802
-8.16272	-12.5827
-5.83705	-17.5788
-5.85052	-13.9929
-5.70957	-15.654
-6.44836	-14.8452
-7.59906	-12.3736
-6.32695	-13.2451
-5.57998	-13.579
-4.87617	-10.2769
-3.05133	-7.59873
-8.11748	-5.05766
-14.3559	-10.4595
-18.0794	-12.3891
-21.1314	-16.4724
-15.193	-8.92602
-5.90075	-27.334
-7.86971	-23.6178
-8.39286	-25.2137
-8.60295	-24.4687
-6.86121	-22.8611
-6.29347	-16.0414
-11.7399	-9.82869
-20.1062	-6.52047
-22.9164	-9.08808
-27.2121	-14.3853
-27.4828	-18.1157
-27.9354	-17.1372
-26.1774	-15.6942
-25.0501	-16.2052
-18.2674	-16.458
-10.2334	-21.1012
-6.50989	-29.0189
-7.67312	-27.2469
-7.48095	-26.8604
-8.34959	-21.1696
-8.5998	-16.0529
-8.60005	-9.95515
-10.6953	-11.5972
-13.3844	-11.4695
-19.6092	-14.1601
-20.0679	-21.8776
-21.1961	-20.2412
-20.22	-18.1992
-18.4305	-22.4283
-21.3643	-18.1812
-15.2745	-12.9781
-17.6691	-16.4836
-14.0036	-19.6314
-15.069	-18.4601
-12.7216	-18.4097
-6.8847	-16.8968
-5.59098	-17.8085
-6.91409	-16.4565
-5.87322	-16.3481
-6.44288	-14.8717
-6.60933	-14.9072
-5.73583	-14.2785
-4.20529	-13.4528
-7.22647	-8.94941
-8.74771	-4.10012
-9.63488	1.02607
-13.9385	0.356236
-16.6854	-6.48488
-22.2816	-2.51777
-24.1096	-7.73135
-29.8071	-13.7903
-25.4251	-14.111
-22.1644	-10.7661
-13.3764	-4.09836
-3.93737	-14.3587
-2.53388	-18.0195
-2.14932	-22.8579
-3.10553	-24.2871
-4.41928	-24.7362
-5.49362	-25.1856
-4.13525	-25.1654
-3.67752	-22.2578
-0.870377	-20.6857
-2.97028	-10.6413
-10.1334	-3.14135
-20.534	-6.88425
-30.788	-5.765
-34.2103	-6.03857
-35.1838	-6.22467
-38.6431	-6.09688
-37.2448	-4.97678
-37.1046	-3.9161
-38.3969	-9.00432
-34.7864	-8.70109
-33.7923	-14.8772
-24.8803	-14.9414
-5.14324	-10.3931
-6.75913	-11.3522
-8.4944	-9.17921
-8.0004	-11.3459
-8.81139	-11.9249
-8.0514	-15.6049
-6.76461	-17.3565
-5.87454	-21.0207
-7.33138	-20.395
-6.26454	-24.5189
-7.23091	-26.1239
-8.44209	-28.0153
-11.0764	-26.4762
-12.4721	-27.3204
-12.3105	-28.3366
-13.0415	-29.2811
-12.9869	-31.0913
-11.2569	-32.4101
-11.3008	-32.3155
-11.4863	-31.1107
-11.2562	-33.0513
-10.6346	-26.7807
-8.74191	-23.2635
-4.52784	-16.1861
-8.17561	-15.9902
-5.73155	-12.1238
-6.48425	-10.1208
-4.59911	-14.8471
-4.08785	-14.2642
-7.87513	-15.5416
-9.65918	-12.6042
-9.10586	-10.4192
-11.5661	-10.1621
-12.6104	-12.5505
-15.4609	-15.4347
-26.4649	-11.4232
-25.6114	-16.5297
-25.0339	-21.4453
-26.0251	-18.0616
-10.9352	-13.2009
-4.05142	-12.2912
-3.18209	-18.0652
-2.40923	-16.4871
-3.92412	-18.474
-4.17254	-20.0366
-8.02351	-17.394
-8.5756	-12.8544
-9.121	-13.1862
-10.0574	-12.8542
-15.4347	-8.13252
-12.0674	-13.6076
-11.2241	-24.9004
-9.78077	-29.7786
-10.8222	-31.6911
-10.9704	-32.8652
-12.2674	-29.5076
-14.9802	-22.5309
-11.1132	-25.4523
-7.91551	-24.0569
-8.35346	-17.4195
-8.34833	-13.8777
-8.67843	-13.137
-12.0083	-11.5043
-21.8897	-15.8707
-25.1936	-16.1798
-25.6462	-15.9567
-22.9202	-18.5922
-16.8907	-18.0969
-14.0862	-18.6287
-13.4158	-21.8149
-11.4046	-25.1958
-11.9546	-25.2457
-10.7834	-23.3826
-8.49664	-19.1635
-5.38557	-13.6913
-14.3524	-0.212137
-21.4604	0.290946
-27.1273	-1.73666
-27.0706	-9.01597
-28.5274	-6.77055
-19.7331	-6.07927
-8.33901	-10.3635
-7.14791	-12.7463
-3.85226	-13.9462
-4.62677	-11.179
-4.63891	-8.63586
-4.25953	-7.44935
-5.81863	-7.0127
-6.61692	-7.39156
-12.9137	-18.0116
-9.01429	-19.574
-7.59561	-25.1197
-7.81857	-25.8895
-9.8798	-27.2545
-10.9477	-27.175
-9.55848	-26.9743
-8.24873	-22.1743
-9.35755	-20.7782
-7.15257	-25.9125
-4.70165	-25.4325
-3.62409	-17.3699
-7.31232	-12.7711
-8.62895	-12.302
-10.3476	-10.9257
-17.4468	-12.6408
-19.2477	-18.117
-17.7847	-14.4382
-13.9382	-13.1171
-8.86945	-7.06392
-4.32438	-9.82034
-2.82803	-16.2706
-3.95243	-16.4901
-4.93331	-18.777
-6.53633	-17.7569
-7.66093	-9.40805
-6.51487	-6.14115
-8.40688	-7.92034
-12.4521	-6.98974
-24.5048	-15.7795
-28.7083	-20.7694
-29.5892	-16.4397
-18.8877	-14.4412
-13.4026	-11.5979
-11.0828	-20.9731
-11.416	-22.9199
-14.2829	-20.6402
-13.1678	-22.6391
-13.3877	-20.7109
-11.7527	-20.7808
-9.74526	-19.4143
-7.91104	-17.1802
-7.62754	-12.6813
-6.9239	-9.89658
-4.70267	-10.5826
-3.86366	-8.81262
-3.17175	-4.73413
-15.1058	-3.98551
-24.3886	-9.88866
-26.3749	-8.67465
-25.6059	-9.73727
-32.4777	-16.5567
-29.5734	-14.2801
-18.6875	-7.33086
-8.28566	-14.2151
-9.46497	-15.8963
-10.6501	-18.0733
-11.4582	-20.158
-9.64599	-25.06
-9.3436	-27.2887
-8.75922	-29.1352
-10.313	-27.5508
-11.3313	-27.2277
-11.7315	-28.9253
-13.5044	-27.4641
-14.9407	-25.3435
-16.7463	-22.0917
-17.6044	-18.6253
-18.5315	-13.0042
-18.7882	-6.43699
-17.2876	-2.60136
-13.6441	-3.64641
-6.78544	-12.9126
-6.17241	-13.305
-4.89042	-10.6898
-4.63579	-10.9257
-3.11243	-7.69174
-4.21502	-2.10701
-7.57328	-6.77924
-12.8433	-10.8848
-16.0488	-13.2602
-28.1261	-18.9636
-27.5146	-21.7085
-13.1816	-15.7716
-14.4439	-23.8449
-12.3593	-24.8631
-12.1546	-26.2245
-10.8771	-28.5935
-9.74759	-30.2527
-10.4899	-27.6967
-12.2284	-17.4405
-12.5091	-21.2677
-11.5199	-25.2555
-8.14307	-25.8012
-5.64361	-23.3862
-3.97747	-20.1577
-5.08403	-20.2228
-5.94999	-19.512
-6.94963	-20.9277
-8.27812	-20.4334
-9.09672	-22.5881
-8.85791	-26.0978
-9.25127	-27.9029
-11.2137	-28.4852
-12.6644	-27.9693
-12.4945	-28.1336
-12.2524	-26.4802
-8.96729	-27.1576
-8.96197	-19.7462
-8.97631	-13.6801
-8.27038	-14.6538
-8.17538	-13.4304
-7.20427	-13.6375
-11.8298	-6.60768
-11.9917	-4.04562
-13.247	0.81515
-15.206	1.01392
-16.0686	2.10574
-17.531	2.5402
-18.1437	1.04638
-18.6255	-2.58281
-17.8568	-9.07691
-17.5898	-13.7551
-16.4722	-20.381
-15.2404	-25.4747
-15.4107	-28.215
-13.4701	-31.6532
-10.6224	-32.404
-12.4671	-26.2972
-12.5666	-24.8952
-15.8716	-19.4687
-12.0731	-24.7812
-14.8071	-24.0079
-16.0766	-26.3758
-16.3701	-26.7485
-14.3278	-27.3087
-12.3067	-25.1725
-9.24663	-23.2696
-7.30861	-19.9367
-5.78029	-18.495
-5.16189	-17.823
-6.02178	-16.3007
-4.9076	-17.8179
-5.00564	-19.554
-8.56928	-13.7599
-7.62174	-12.2589
-8.23925	-9.90048
-8.52863	-9.55786
-7.06793	-10.0064
-8.44938	-7.18204
-9.8629	-4.20521
-13.5595	1.06265
-15.0463	3.37006
-17.7726	3.81304
-19.5625	2.0838
-19.8294	-0.501328
-19.6225	-4.73423
-19.0236	-8.535
-16.9884	-11.9256
-13.5791	-14.8711
-9.33382	-16.1658
-6.447	-12.4984
-9.97372	-3.30553
-18.2485	-0.949918
-29.4283	-6.03596
-29.5791	-3.43029
-30.6283	-7.75348
-33.3441	-9.44352
-33.0806	-14.9652
-32.9344	-14.0642
-30.218	-11.1819
-26.0688	-15.7941
-24.188	-17.4261
-22.0296	-18.1377
-18.0669	-18.8045
-6.49302	-11.9502
-7.29573	-12.7913
-5.6802	-8.36924
-5.98724	-9.02102
-6.68413	-10.6797
-9.02169	-14.4111
-7.91024	-9.71476
-10.7229	-9.17066
-15.0444	-6.29709
-16.4834	-5.30228
-17.7508	-1.50674
-19.3434	1.34837
-20.1485	0.965222
-20.05	0.0613814
-19.3095	-1.74129
-18.3374	-5.45276
-16.3403	-9.75315
-16.3941	-13.0164
-14.3736	-14.7896
-12.5051	-15.2364
-12.6655	-12.0349
-10.9288	-13.7159
-8.08638	-10.72
-10.4115	-5.07583
-15.9875	-8.10097
-18.806	-16.5577
-19.3518	-15.3507
-33.923	-15.2894
-21.7227	-19.0612
-20.7065	-5.69002
-22.602	-9.86383
-17.4916	0.433683
-11.9616	-3.56932
-13.6157	1.6494
-14.4947	0.363171
-15.6225	1.73194
-17.3357	-2.69802
-20.9883	-20.0223
-23.6689	-7.91938
-24.9643	-14.7795
-26.6044	-13.8083
-22.1809	-17.716
-23.6042	-18.7513
-18.152	-18.5104
-19.0576	-19.8381
-22.2755	-19.9052
-19.7986	-25.4876
-16.2045	-24.2277
-8.72358	-18.2032
-11.3845	-21.664
-9.74125	-24.5974
-11.8991	-21.1157
-11.6297	-26.4368
-13.6013	-26.0263
-16.6908	-31.2938
-18.7798	-26.5742
-18.9868	-28.118
-18.2826	-23.3137
-16.5942	-22.462
-19.5072	-21.773
-22.7152	-23.5995
-22.9542	-16.1262
-23.9101	-19.9197
-22.8573	-20.1406
-24.6326	-22.17
-22.5273	-16.5493
